[/usr/share/plasma/desktoptheme/default/dialogs/background.svgz]
10306463527371012682=63,0,32,16
11118678950714779135=0,0,5,5
11274792188244525649=44,30,1.000000082740371e-08,4
12014009580853634748=20,54,4,1.000000082740371e-08
12715188994142517318=38,16,6,32
13013008950425220143=47,0,16,16
13051907946799180317=0,30,9.9999999e-09,4
13247834181294262418=119,47.9999785,32.00000800000001,6.000021500000003
1395824012834221525=47,48,16,16
14238790730382709723=20,10,4,4
14445736230925285613=40,30,4,4
15121108181405617744=113,48,6,6
15182278397009003813=95,16,16,32
15702213123781820686=0,30,4,4
17263299822516085065=95,48,16,16
17390518429423794580=47,16,16,32
18006587559784456201=151,16,6,32
2662864574149837786=113,16,6,32
3658520055930236107=151,48,6,6
418541908144902792=151,10,6,6
4543521098196618886=95,0,16,16
4569979002372993935=76,0,2,10
4685945009178134160=20,50,4,4
4723919647897997096=113,10,6,6
6721765372811799612=20,10,4,1.000000082740371e-08
7687444615741467022=0,16,6,32
7972525487601451402=101,33,10,2
8046067271799016324=47,29,10,2
8209570792188481595=76,54,2,10
8750691201402065679=63,48,32,16
9124811509197586459=119,10,31.999989999999997,6.000021
9471396340603704977=6,48,32,6
9641080797881929387=6,10,32,6
9683940091713892250=119,16,32,32
Invalidelements=3220362486,4203321981,1475555810,3650720597,165069560,3478041421,531544394,2651057092,662874683,1483026253,747649542,1381197558,1361988726,497486740,3310217971
LastModified=1740648465
NaturalSize=157,64

[/usr/share/plasma/desktoptheme/default/opaque/dialogs/background.svgz]
10777915670259299329=45,25.637820000000033,6,4
11466802059549595680=135.000004,12,32,32
11592824126083801677=129,44,6,6
14127646783263861357=134.9999847412,6.000025504126029,32.000015258800005,5.999977111812996
14792442025001623002=134.9999847412,44.000002617000064,32.000015258800005,5.999978542330041
14793934662764132652=167,44,6,6
15885840607680347482=19,5.999944700000015,32,6.000030299999935
16014403001326555225=19,43.99996500000009,32,6.000030299999935
16031258247733902785=50.999985,12,6.000030299999999,32
17603589977847748227=167,6,6,6
17715472541163721908=33,38,4,6
2171164501632034090=12.999969699999996,11.999940000000151,6.000030299999997,32
4443788245728181757=0,0,5,5
4545769173671202867=129.00000476837,12.000002617000064,5.999999046330004,32
688193657632281807=129,6,6,6
8545589810804972580=167.00000381432,12.000002617000064,5.999980926504321,32.000022888199965
8815464749753716683=20,25.637820000000033,6,4
9618403343954984019=33,12,4,6
Invalidelements=2206550962,1985635633,831208787,3487643069,59231429,1865230073,2259291409,147467684,1743005080,15693478,3229332532,2569719640,1459661423,1389421729,921668426,1131263163,1135983620,1724167235,3497165885,3516865346,493149160,3104716978,1518395041,2621364619,2972480523,2669058216,1674295584,1996473168,316333390,2795466078,1010010491
LastModified=1740648465
NaturalSize=173,56

[/usr/share/plasma/desktoptheme/default/opaque/widgets/panel-background.svgz]
10533820994184597426=19,43.99996500000009,32,6.000030299999935
11742312281504988083=50.999985,12,6.000030299999999,32
11802580162083352942=13,5.9999800000000505,6.0000199999999495,6
12359034517876265501=12.9999924,28,4.0000076,4.000022899999976
1306978854854102744=129.00000572202998,12.000002617000064,5.999979019170013,32
1352879017243540835=134.9999847412,44.000002617000064,32.000015258800005,5.999978542330041
1367754696331257505=35,6,4.000001900000001,8.000004800000056
13811009550205632836=31,42,4,8.000190699999962
14825798494300783600=129,6,6,6
14901938318226077532=0,0,5,5
15581533038076472038=19.000004,12,32,32
16241399793091324992=49.0000003,28,7.999984699999999,3.9999771000000237
17542153442530322730=134.9999847412,6.000005001190061,32.000015258800005,5.999997615810003
18431498542195478487=1,56,2,2
2935093755766127360=50.99998000000005,43.99998000000005,6.0000199999999495,6
4120266959543647942=12.9999924,24,8.0000076,4.000022899999976
4403728342612610087=167,6,6,6
5140726407942058243=167,44,6,6
5255249148962000824=53.0000003,24,3.999984699999999,3.9999771000000237
5890210865700519878=35,46,4,4.000213600000052
619362910726358899=31,6,4.000001900000001,3.999979499999995
6574246537973835708=19,5.999944700000015,32,6.000030299999935
7289399373980726445=51,5.9999800000000505,6,6.0000199999999495
7783911085157487651=129,44,6,6
7905409769476511657=135.000004,12,32,32
8469308310981781084=12.999969699999996,11.999940000000151,6.000030299999997,32
8661428164603205489=167.0000038147,12.000002617000064,5.9999809265100055,32
9829542396361429718=13,43.99994000000015,6,6.0000199999999495
Invalidelements=2093498210,3639156897,139622276,237187911,3897026655,3611131669,1590907486,145107460,174456007,1754714798,3627574428,1780740600,4264127482,2726408414,2777123695,823988005,1866524379,1600534823,2850583166,2745100707,148154034,3171185271,2724698137,3785237276,2839623705,3686001620,3791474736,2155219594,2596483446,158344134,1829788730,2766443694,2278254866,2654286638,2273231201,2856474052,3816319768,2172865064
LastModified=1740648465
NaturalSize=173,56

[/usr/share/plasma/desktoptheme/default/opaque/widgets/tooltip.svgz]
10071511930303113613=33,38,4,5.999975199999994
10131375583021078735=44.9999847,26,6.000015300000001,4
14839545135044073121=135.000004,12,32,32
15112556065165408955=19,43.99996500000009,32,6.000030299999935
15493034128389918614=19.000000200000002,26,6.000003799999998,4
16701941691263710676=12.999969699999996,11.999940000000151,6.000030299999997,32
1672359905805043650=50.999985,12,6.000030299999999,32
17281181316337729674=167,44,6,6
17534394144077043354=19,5.999944700000015,32,6.000030299999935
3488916926743992568=134.9999847412,6.000002617000064,32.000015258800005,6
3978487388459354787=134.9999847412,44.000002617000064,32.000015258800005,5.999978542330041
4096232735184345928=167,6,6,6
4118906848065601771=129,6,6,6
5330916345694856823=0,0,5,5
7553493020527807187=129.00000667570998,12.000002617000064,5.999978065490012,32
8714112124276545668=129,44,6,6
9695519253614197960=167.0000038147,12.000002617000064,5.9999809265100055,32
9821029120829173441=33,12,4,6.000024800000006
Invalidelements=1986343242,1610729572,1816238676,1114772174,3691142596,3119309091,1262113900,1896381806,537361719,1704935088,3467022991,1864422518,1285811699,2094241364,3774121801,3052536124,2140359190,4264927202,2469074252,1273613610,2257914998,858423248,3172198246,3868449600,3226792080,2941977438,2949681040,3176066432,2641851032,3354573745,3491998022
LastModified=1740648465
NaturalSize=173,56

[/usr/share/plasma/desktoptheme/default/solid/dialogs/background.svgz]
10032185160675361547=37.999998,48,6,6
1064668278034796720=37.999998,9.9999999,6,6
10647647036047824439=37.999998,16,6,32
11268851737900071607=43.999996,30,1.000000082740371e-08,4
11354425076539189997=119,10,31.999989999999997,6.000021
11386396574951313074=37.999998,16,6,32
11483072489927307121=119,10,31.999989999999997,6.000021
12373934313793906886=113,16,6,32
12782669199413956070=119,16,32,32
13124857922684396654=119,47.999982499999994,32.00000800000001,6.000021500000003
13253457109459966422=0,0,5,5
13454887190611338275=20,54.000004,4,1.000000082740371e-08
13455524067054714492=20,50.000004,4,4
13519033710333650294=20,54.000004,4,1.000000082740371e-08
1356879630351223548=5.9999984,16,32,32
13795017524899309135=0,30,9.9999999e-09,4
13928744598142189349=5.9999984,9.9999999,32,6
14021996744401280361=37.999998,9.9999999,6,6
14079413479376661910=113,16,6,32
14248426482219167243=151,16,6,32
14456005717082682917=37.999998,16,6,32
14464821819658293072=5.9999984,9.9999999,32,6
14868932161507950327=37.999998,48,6,6
15220496207106223900=113,9.9999999,6,6.000000099999999
15312463065426937716=0,30,4,4
15335737592522175782=-1.614502e-06,16,6,32
15363241943100569620=119,16,32,32
15447600528331248285=113,9.9999999,6,6.000000099999999
15936741112250058174=5.9999984,16,32,32
16090894939532817720=-1.614502e-06,16,6,32
16477752182540527519=20,10,4,4
16496216772121669907=39.999996,30,4,4
16502190067399212457=5.9999984,48,32,6
16566343629852373018=43.999996,30,1.000000082740371e-08,4
16795581179255204108=20,10,4,9.99999905104687e-09
16936476392490540522=5.9999984,16,32,32
17044852596354473929=0,30,4,4
17071823925592994321=37.999998,48,6,6
17637463773979936509=20,10,4,4
18083796947715128072=119,47.999982499999994,32.00000800000001,6.000021500000003
18368838912846680355=39.999996,30,4,4
1846331583019749636=43.999996,30,1.000000082740371e-08,4
2214590424987395926=151,9.9999999,6,6.000000099999999
2382789295053337378=0,30,9.9999999e-09,4
2809428587935791072=151,48,6,6
3150427725128280567=20,10,4,9.99999905104687e-09
3455769504668004802=20,10,4,9.99999905104687e-09
3539518692565045820=113,16,6,32
353955778140157077=119,47.999982499999994,32.00000800000001,6.000021500000003
4148150872914171798=37.999998,9.9999999,6,6
4207265306299209276=151,16,6,32
4445564591351781377=0,30,4,4
4511599272838567404=151,9.9999999,6,6.000000099999999
4643055492871196628=119,10,31.999989999999997,6.000021
4706484211079648258=0,0,5,5
489562833505648608=5.9999984,48,32,6
4900395200984724572=5.9999984,48,32,6
5809784497502517308=-1.614502e-06,9.9999999,6,6
6579162423175868615=20,10,4,4
6813928765644982003=151,16,6,32
7009142349216465809=151,9.9999999,6,6.000000099999999
7181460621412964823=39.999996,30,4,4
7225456029609568439=151,48,6,6
7364696950083348397=-1.614502e-06,9.9999999,6,6
7676991688367181145=5.9999984,9.9999999,32,6
7839534166479446870=0,30,9.9999999e-09,4
7976863050737748343=20,50.000004,4,4
8442349020941180687=119,16,32,32
8502915970863346982=20,50.000004,4,4
8580184611309482112=113,48,6,6
8678051939393909481=113,48,6,6
8888452603265125584=-1.614502e-06,9.9999999,6,6
8975266907052107751=-1.614502e-06,16,6,32
9211307098752725602=0,0,5,5
9889892403855660982=20,54.000004,4,1.000000082740371e-08
Invalidelements=2209290690,2451273788,3044634448,952231309,3696806769,1667154322,721311594,2631334078,1077958414,4147290201,492026482,4282635142,2231464819,121698693,3730613822,2773184181,988543131,1329585536,4223586728,1711608853,1145688239,1396280583,4162285381,1649796482,1898174155,2458177954,1612496429,2387908579,447487228,1602897621,3018895998,1742835950,3033345179,2887682057
LastModified=1740648465
NaturalSize=157,64

[/usr/share/plasma/desktoptheme/default/solid/widgets/panel-background.svgz]
10429734850190040533=151,48,6,6
10970273137978790333=40,30,4,4
11035082297820509057=151,16,6,32
11083696104480794279=113,16,6,32
11329742974636247539=119,16,32,32
11411833023319023194=0,16,6,32
11414149452175940373=151,10,6,6
11593543555001513334=113,16,6,32
11594344574353365516=119,47.9999785,32.00000800000001,6.000021500000003
11701156491217739072=113,48,6,6
11738370816082368013=0,48,6,6
1192583090561618979=20,10,4,9.99999905104687e-09
12070312285599662700=40,30,4,4
12233052263666044401=20,50,4,4
12357155349850950321=38,16,6,32
12734471026193125743=20,10,4,9.99999905104687e-09
12924367384512152086=0,48,6,6
13003603632309800185=151,48,6,6
13163367558088334885=20,10,4,4
13983367596689709130=0,10,6,6
14359991577511743085=0,30,4,4
14630258682880222611=0,30,9.9999999e-09,4
14753632147359273382=119,16,32,32
15232722075138979742=0,30,4,4
15351610776570601169=6,10,32,6
15566426144359220825=20,54,4,1.000000082740371e-08
1573238501598285535=20,10,4,9.99999905104687e-09
15876164693348470194=20,10,4,4
16153051792959268076=151,10,6,6
17296640277123502822=0,0,5,5
17505822319178555423=6,48,32,6
17857438684239725837=44,30,1.000000082740371e-08,4
18127629299627071138=40,30,4,4
18224993531469922419=119,10,31.999989999999997,6.000021
2018243336502669452=113,10,6,6
216496876893461008=20,50,4,4
2341745330603334331=151,16,6,32
2355952518872002539=44,30,1.000000082740371e-08,4
2557249584613369364=0,30,4,4
2859240304693687704=6,10,32,6
3021312749623974102=6,16,32,32
3095530129305913302=38,10,6,6
3221142390125239004=0,30,9.9999999e-09,4
4396793433302727579=38,16,6,32
4610497760594354299=20,10,4,4
4810160149284238794=6,48,32,6
5305978829318880729=6,16,32,32
5306215139291218987=38,16,6,32
5351328926208056143=0,16,6,32
5775967845338112402=6,16,32,32
6141487813409488047=113,48,6,6
6700942834512873822=113,10,6,6
6762148394266976270=20,54,4,1.000000082740371e-08
7113144518781740783=20,50,4,4
7250422353076093672=44,30,1.000000082740371e-08,4
774030994190203750=0,0,5,5
7795459908831708613=6,10,32,6
820427833377253534=0,30,9.9999999e-09,4
821937121491895245=38,48,6,6
8240955098542646584=6,48,32,6
8264707742277462069=0,0,5,5
8534969656970604661=0,16,6,32
857598106940260519=119,47.9999785,32.00000800000001,6.000021500000003
8852001289576377789=0,10,6,6
8935077584927402304=38,48,6,6
9267204823621509071=119,10,31.999989999999997,6.000021
9852821861059965356=20,54,4,1.000000082740371e-08
9989458873987027508=38,10,6,6
Invalidelements=2148644228,1830198373,372080638,807073076,3115943637,3055003880,160687193,2724215583,2787643526,1990434083,4130003851,7220621,312387777,1984079536,2956394546,237198439,1482100018,1551581031,722895330,1757102629,2875756154,4074752242,2868928592,3839660591,452510949,1370715761,3459818209,857482906,2457357596,4015396544,2232783082,3191597483,2979855309,1224801368,2260815772,686242645,578752909
LastModified=1740648465
NaturalSize=157,64

[/usr/share/plasma/desktoptheme/default/solid/widgets/tooltip.svgz]
10104330566372536007=95,16,16,32
12143667893276075365=44,30,1.000000082740371e-08,4
12344712275845865146=0,30,9.9999999e-09,4
12386408561099853934=47,33,10,2
12508857399746003239=0,30,9.9999999e-09,4
12527836474226842054=20,10,4,9.99999905104687e-09
1281490659904722869=101,33,10,2
12947581375668917635=20,10,4,4
1350233578005472912=0,30,4,4
13503259534921734012=76,54,2,10
13618584742795265860=20,54,4,1.000000082740371e-08
14394611952965571948=63,48,32,16
14530243204251826893=63,0,32,16
14692059894081601140=47,29,10,2
14799651663688651119=6,10,32,6
15015820767541490563=0,16,6,32
15798803813162708725=40,30,4,4
16402776346603145883=20,54,4,1.000000082740371e-08
16426398489187167538=63,16,32,32
1682885481895010980=101,29,10,2
16983505486620139320=44,30,1.000000082740371e-08,4
1782003504945978368=47,33,10,2
18020080894641442030=20,50,4,4
18049387617474784991=38,16,6,32
18164371708591631906=38,16,6,32
1830823477233092679=20,10,4,4
18338684755503170308=0,30,4,4
2288859874524373507=47,29,10,2
2368909025881014206=76,54,2,10
2489633124879765541=0,0,5,5
2516905350198555687=0,16,6,32
2892992565291181062=63,16,32,32
3552856290896539166=6,10,32,6
3862700549212716183=76,0,2,10
4002606847790423155=20,50,4,4
4650391733109522573=80,0,2,10
4709602848471896310=47,16,16,32
4883789703922271372=95,16,16,32
5474058037312476085=80,0,2,10
5627501855348276852=47,16,16,32
6736234974360961054=101,33,10,2
689311417894496776=76,0,2,10
7112522800275856534=63,48,32,16
735168916950688642=80,54,2,10
7354035423709517384=6,48,32,6
7501328881390797391=40,30,4,4
7621366427860967801=20,10,4,9.99999905104687e-09
7956831882376426737=63,0,32,16
8251429698353360736=6,48,32,6
8775017090155454411=80,54,2,10
885595478020763341=101,29,10,2
9343273694840056990=0,0,5,5
Invalidelements=3105465907,4131896310,3553758097,1799884252,1427944977,2750891009,2520006794,1377055659,3169738688,3754003965,1779636894,2177817685,2043226833,2712148499,2424503987,2241123821
LastModified=1740648465
NaturalSize=157,64

[/usr/share/plasma/desktoptheme/default/translucent/dialogs/background.svgz]
10318833355651768010=40,29.999998,4,4.0000000000000036
1046495835245675283=95.000002,47.999999,16,16
10639362195847417144=2.0288086e-06,15.999999,6,32
10761811704547462872=6.000002,47.999999,32,6
10898392168117456036=47.000002,47.999999,16,16
11184649898647158434=20,10,4,9.99999905104687e-09
11185113248589362469=2.0288086e-06,9.999999,6,6
11537314578000602452=119,10,31.999989999999997,6.000021
11951909607264421771=6.000002,15.999999,32,32
12586125884609565478=0,0,5,5
12705256281891012162=76,54,2,10
1276981535153070694=113,47.999999,6,6
13110293801228225948=119,47.9999785,32.00000800000001,6.000021500000003
13152044885695121596=38.000002,47.999999,6,6
13349200405548289267=20,54,4,1.000000082740371e-08
13363210119680518732=76,0,2,10
13466764378625365256=95.000002,-9.999999992515995e-07,16,16
13625128608445221526=0,0,5,5
13661463309815773830=20,54,4,1.000000082740371e-08
13704674502580647159=119,16,32,32
13820845845772912755=0,29.999998,4,4.0000000000000036
13920441597715622809=113,47.999999,6,6
14225408810982272277=151,16,6,32
14427005700167025808=2.0288086e-06,9.999999,6,6
14948653012001350716=63.000002,47.999999,31.999999999999993,16
15034542099057140248=20,10,4,4
15293587988608004060=47.000002,-9.999999992515995e-07,16,16
15398610804112297812=2.0288086e-06,47.999999,6,6
15990422812161705839=0,29.999998,9.9999999e-09,4.0000000000000036
16019004397186373138=44,29.999998,1.000000082740371e-08,4.0000000000000036
16232438239112411074=113,16,6,32
16317501149235989705=113,47.999999,6,6
1640244176255716353=119,16,32,32
16421678577587281238=20,50,4,4
16818913485013917031=151,47.999999,6,6
16841651246238885253=38.000002,47.999999,6,6
16861422806461430206=119,16,32,32
17122783936951441406=6.000002,15.999999,32,32
17765759192376362461=151,16,6,32
17825745548045214591=6.000002,9.999999,32,6
17892441320571765154=0,29.999998,4,4.0000000000000036
18107153370874470761=101,33,10,2
1810961136036045676=2.0288086e-06,15.999999,6,32
1866897443256423520=113,9.999999,6,6
2190311878228688477=40,29.999998,4,4.0000000000000036
2319387086485848148=0,29.999998,9.9999999e-09,4.0000000000000036
2608607883921980842=20,54,4,1.000000082740371e-08
3019669125838218520=119,47.9999785,32.00000800000001,6.000021500000003
30688140289387441=38.000002,9.999999,6,6
3485757453495606993=6.000002,9.999999,32,6
3675241879813899607=20,50,4,4
3718910265250360936=151,47.999999,6,6
4024199715337570969=44,29.999998,1.000000082740371e-08,4.0000000000000036
4084002309395630437=63.000002,0,31.999999999999993,16
4389293296643167012=151,9.999999,6,6
4447115463426363684=40,29.999998,4,4.0000000000000036
4771088987294100512=95.000002,15.999999,16,32
49149227775715506=38.000002,9.999999,6,6
494986099999789786=6.000002,47.999999,32,6
5078734794741031274=151,16,6,32
5088479563489003612=38.000002,15.999999,6,32
5199543235434416996=0,0,5,5
5262610667443244350=47,28.999998,10,2
5507413362898893156=38.000002,15.999999,6,32
5669016745056759937=20,10,4,4
5915653181838588329=2.0288086e-06,47.999999,6,6
6211513165321736858=113,16,6,32
6368278216267736986=2.0288086e-06,47.999999,6,6
6392994944029338933=151,47.999999,6,6
6461719836038467082=113,16,6,32
6464148933650426806=38.000002,9.999999,6,6
6473851102570506944=20,10,4,9.99999905104687e-09
6687659996183891298=2.0288086e-06,9.999999,6,6
6759620351735403874=2.0288086e-06,15.999999,6,32
6857588801253963026=38.000002,15.999999,6,32
6978503202379402097=0,29.999998,4,4.0000000000000036
7022475486211454948=151,9.999999,6,6
7034169117171555481=0,29.999998,9.9999999e-09,4.0000000000000036
7196906046216920932=6.000002,9.999999,32,6
725910993255766576=47.000002,15.999999,16,32
7854223830818152058=119,10,31.999989999999997,6.000021
8710895506242928200=151,9.999999,6,6
8777737241341961760=38.000002,47.999999,6,6
9299497814730053258=20,10,4,4
9346707598172240225=44,29.999998,1.000000082740371e-08,4.0000000000000036
9362875631216817271=119,10,31.999989999999997,6.000021
9383906493009600928=119,47.9999785,32.00000800000001,6.000021500000003
9414074627935042000=20,10,4,9.99999905104687e-09
9744073349363878554=6.000002,47.999999,32,6
9758919320715114997=113,9.999999,6,6
9781174033281764610=113,9.999999,6,6
9846682831118337817=20,50,4,4
9925228187939126150=6.000002,15.999999,32,32
Invalidelements=3724528032,2115190534,1173754121,208057790,3605211910,1965159682,3700016477,59372220,2892264056,607566800,1771072031,3345243153,3950058920,1783429282,3697797468,1805281277,2866746297,3484177546,1409832322,485310443,3829703952,2759696021,363187505,3491895209,2981038886,861691664,2868812701,2172235293,221692372,2616660931,1623357697,3021501692,1144222171,2537555578,1137104628,1004117131,3659699321,4132144223,3402167809,2191510623,139619045,2244350123,3302661645,4058648259,3498348701
LastModified=1740648465
NaturalSize=157,64

[/usr/share/plasma/desktoptheme/default/translucent/widgets/background.svgz]
10424616940405090381=1,49,8,4
104703468810906063=1.00000399999999,30.999396500000046,12.000001999999995,32.000591269239976
11003112913817923782=13.00001199313462,19,32.00045120686538,11.999400000000009
1126278319777828372=28,19,4,14
11350378087233184102=43,44,14,4
12288762937279968468=49,49,8,4
13108104262560992009=1,44.062355,14,4
14116120994889948137=43,44,14,4
1414693528177889235=34,19,4,8
14331499978057187119=45.000465000000005,30.999396500000046,11.999541999999991,32.000591269239976
16667245925413680696=28,19,4,14
17491707061780421391=13.00001200692786,63.00000000000003,32.00045319307214,11.999799999999993
17494457475513581687=5,8.625,5,4.375
1862797639257486907=28,61,4,14
2131776738330243009=34,67,4,8
3743088286991229934=13.00001200692786,63.00000000000003,32.00045319307214,11.999799999999993
3885044091107326738=1,44.062355,14,4
4150014491943442559=34,19,4,8
5504753458651476336=13.00001199313462,19,32.00045120686538,11.999400000000009
6384856878959418027=28,61,4,14
6399624232925896185=1.00000399999999,30.999396500000046,12.000001999999995,32.000591269239976
6557631568559684611=45.000465000000005,30.999396500000046,11.999541999999991,32.000591269239976
7657077446854965668=1,49,8,4
8256810779711101729=49,49,8,4
9090606198674019268=5,8.625,5,4.375
9696658066933450515=34,67,4,8
Invalidelements=1026069966,4108391336,797011509,1770769061,1231312494,1273363209,1874811282,1889581943
LastModified=1740648465
NaturalSize=148,148

[/usr/share/plasma/desktoptheme/default/translucent/widgets/panel-background.svgz]
10071065789590738957=12,95,8,4
10155732002753794422=40,30,4,4
10162955182301793992=40,30,4,4
10378515755113022207=6,48,32,6
10615911451936983254=48,95,8,4
10644193543253980409=38,48,6,6
10646123278879293120=119,10,31.99999046330001,6.000020980830001
10932473073351624775=6,16,32,32
11105607698280977000=119,16,32,32
11132616571516330531=19,75,32,32
11138789033822011964=101,33,10,2
11400989361002489907=119,47.99997854233,32.00000762939999,6.000021457670002
11689338985339672748=38,16,6,32
11981144357679745793=0,48,6,6
12381782860839967828=6,16,32,32
12471812560895630907=38,69,4,8
12961511896069390629=38,16,6,32
13039689533630999011=0,30,4,4
13054303633214960183=19,75,32,32
13129773966866587379=0,10,6,6
13187197947109426636=0,48,6,6
13326217603509333008=151,10,6,6
13494308240447220729=38,10,6,6
13598504054709793455=0,16,6,32
14099890297110238458=20,10,4,1.000000082740371e-08
14256904226978343054=119,10,31.99999046330001,6.000020980830001
14265497799514730065=40,30,4,4
14332154007708209318=6,48,32,6
1448314062973262128=119,10,31.99999046330001,6.000020980830001
14574631653093720306=113,48,6,6
14745829537192250007=113,48,6,6
1483300925433624145=44,30,1.000000082740371e-08,4
14934996218499035492=0,30,9.99999993923e-09,4
15134836069768672390=113,16,6,32
15209003445516025372=151,48,6,6
15214861974304409952=151,16,6,32
15247687378667691741=119,47.99997854233,32.00000762939999,6.000021457670002
15417154567318552235=20,50,4,4
15752149353069159656=47,29,10,2
16273152897866484751=38,69,4,8
16406174425433236333=95,0,16,16
16427982644763853272=44,30,1.000000082740371e-08,4
16803480088316820630=38,69,4,8
17111203626070078236=20,10,4,4
17461503486391785392=20,10,4,1.000000082740371e-08
1771632407292969463=12,95,8,4
17787051279151066420=38,48,6,6
17905549354338537942=39,105,4,8
17937317188135285995=6,10,32,6
17950264068833005874=95,16,16,32
18082246434916369731=20,10,4,4
1825971534172449836=63,0,32,16
18282143203932585285=20,50,4,4
18290589648763829076=76,0,2,10
18383838720993902112=19,75,32,32
1910388347820407251=6,10,32,6
2184790870077332971=0,30,9.99999993923e-09,4
2467410903846491353=113,16,6,32
2679347096935121516=44,30,1.000000082740371e-08,4
321478585193386556=39,105,4,8
3411705026914437121=119,16,32,32
3429816983157638335=20,50,4,4
3463684919985726037=95,48,16,16
3486702133014969029=20,10,4,4
3494504744048661734=48,95,8,4
3510877318258161160=0,10,6,6
3994117449609303644=48,95,8,4
4203705472091213087=38,10,6,6
4207941125063077781=119,16,32,32
4269145590589856291=151,48,6,6
4316601495630035661=151,16,6,32
4512635370021638196=0,30,9.99999993923e-09,4
4923693984200150278=20,10,4,1.000000082740371e-08
5058700945774536674=113,10,6,6
5314135387141411931=47,0,16,16
5637850393815947356=0,0,5,5
5650586148601510686=151,10,6,6
5769219880788724230=20,54,4,1.000000082740371e-08
6110513626537373887=0,0,5,5
6254353469675232071=47,48,16,16
6327329396886863640=113,16,6,32
6565008314798176353=47,16,16,32
6630868727374988828=6,16,32,32
7135870409571763573=0,30,4,4
7229894110160933690=151,10,6,6
7612784546265920457=0,16,6,32
7650388226161599469=151,16,6,32
7921610190058244113=0,16,6,32
7944626621316951511=113,48,6,6
8078572526673963270=0,30,4,4
8197364687107100201=0,0,5,5
8202025587821501515=113,10,6,6
8303016546918085433=20,54,4,1.000000082740371e-08
8484980188568966027=38,16,6,32
8485903569801134843=119,47.99997854233,32.00000762939999,6.000021457670002
9185848243964111198=6,48,32,6
9195078707359118243=76,54,2,10
9321904365426609782=113,10,6,6
9385265038866656325=6,10,32,6
9496412293603925140=63,48,32,16
969548036002136150=12,95,8,4
9703607022248100041=151,48,6,6
984228725889947591=20,54,4,1.000000082740371e-08
9922126520827459567=39,105,4,8
Invalidelements=1381685820,27140662,3045711861,326171936,2621883136,3145998065,849075233,1145995573,3193391466,718562758,1770319031,1366248032,3282083307,2754553344,3860878009,1414068249,2500848189,4152082075,807941913,1882746338,4219657963,3384189003,990426527,1837789998,814843324,2025540066,1161399638,2442044002,130308718,3095994276,2586441819,3530541091,2720727331,3957913165,1281499964,3754927287,435885071,3084806669,2385000648,408416148,105007778,2684607453,2173617353,1392865493,3401183968,2772208685,3165363593,3974158927,3829931211,128626814,1328428772,4004731634,935566676,578983571,3579978468,3524560804,3331336660,3123925052,3156656219,3815951066,2340134801,3090948175,1727524098,1120661909,2406248969,2509233471,3982263010,3418621780,1671601888,994222977,2102988034,1144293713,250646932,1982003024,509357464,1694037043,3945573699,47524638,1773876239,2472805508,2962414526,567651391,454596140,2988522221,3430606811,3107865326,2221636299,3079149130,3567216702,765620471,359409546,1724556411,2553959309,2115906056,1825827466
LastModified=1740648465
NaturalSize=157,64

[/usr/share/plasma/desktoptheme/default/translucent/widgets/tooltip.svgz]
10027598503184392513=20,54,4,1.000000082740371e-08
10105441532270526422=20,50,4,4
10114605614542231722=101,33,10,2
10179086504560277420=6.000002,9.999999,32,6
10207402951638240400=119,47.9999785,32.00000800000001,6.000021500000003
10424692016448282263=0,29.999998,4,4.0000000000000036
10784767311540552669=20,10,4,4
10803539350305746080=0,0,5,5
10817832346004330018=151,48,6,6
1095884795421059076=20,50,4,4
1111806332688460025=119,16,32,32
11145631214203349222=119,10,31.999989999999997,6.000021
11201907641345930099=2e-06,15.999999,6,32
1152884902834981859=20,54,4,1.000000082740371e-08
11801634753543927107=20,10,4,4
11843356036308380329=113,10,6,6
12178075273046084890=20,10,4,9.99999905104687e-09
12233148646617781610=95,0,16,16
12661991146491791770=44,29.999998,1.000000082740371e-08,4.0000000000000036
12890581898768419622=44,29.999998,1.000000082740371e-08,4.0000000000000036
12960360181744052264=63,0,32,16
13115384413505068903=20,10,4,4
13150801329829311901=38.000002,15.999999,6,32
13454918351730162094=113,48,6,6
13578518017470420435=6.000002,9.999999,32,6
13848242221232539831=20,10,4,9.99999905104687e-09
1390900956805946578=6.000002,9.999999,32,6
14009973276322255221=38.000002,15.999999,6,32
14155132687130501554=119,10,31.999989999999997,6.000021
14235345658523074825=0,29.999998,9.9999999e-09,4.0000000000000036
14287400013566996281=38.000002,15.999999,6,32
15422237497879454249=95,48,16,16
15506163495513345194=2e-06,47.999999,6,6
16067425595736187004=47,48,16,16
1631178343460729437=113,48,6,6
16376346931670130676=151,16,6,32
16925777037504513796=151,16,6,32
16929391815702977036=151,16,6,32
16971432215974739083=20,50,4,4
17053805304083766984=119,47.9999785,32.00000800000001,6.000021500000003
17062148300157434480=76,0,2,10
1760202099930816226=151,10,6,6
17673575181267472420=6.000002,47.999999,32,6
17683224770577228384=40,29.999998,4,4.0000000000000036
1779213133667398180=95,16,16,32
18008519441908527342=47,29,10,2
18183506948707709928=0,29.999998,9.9999999e-09,4.0000000000000036
18386911388671091490=113,16,6,32
1910366865278951164=0,29.999998,4,4.0000000000000036
1960626115910707966=2e-06,15.999999,6,32
2178482353393171651=151,48,6,6
223247498011204363=113,10,6,6
2501259476302096754=40,29.999998,4,4.0000000000000036
2789597817584554332=40,29.999998,4,4.0000000000000036
2855061647409034167=151,10,6,6
3022317931134264017=38.000002,47.999999,6,6
3756805616912456769=47,0,16,16
3774640547204174959=119,47.9999785,32.00000800000001,6.000021500000003
407656961401330946=0,0,5,5
4253127042637547209=151,48,6,6
4436889814054791852=0,29.999998,4,4.0000000000000036
4518658709168112126=76,54,2,10
5131499067497403703=6.000002,47.999999,32,6
5298103712573312509=113,48,6,6
5428145736781829499=0,0,5,5
5559109970323606372=44,29.999998,1.000000082740371e-08,4.0000000000000036
5658060331543915847=119,16,32,32
5793451755643701232=63,48,32,16
5894488665547811368=113,16,6,32
6106106325712556885=6.000002,15.999999,32,32
6461139065065110394=2e-06,15.999999,6,32
7336604228157620189=151,10,6,6
8116836409655471272=38.000002,9.999999,6,6
8283610542153790994=20,54,4,1.000000082740371e-08
8291372675968700859=119,16,32,32
8864314327569047078=113,10,6,6
9113941108360589369=2e-06,9.999999,6,6
9258087129729598454=0,29.999998,9.9999999e-09,4.0000000000000036
925893875014600477=6.000002,47.999999,32,6
968387973685012496=47,16,16,32
9773036044208084176=20,10,4,9.99999905104687e-09
980908275742056772=119,10,31.999989999999997,6.000021
984644417248610182=113,16,6,32
Invalidelements=3125381445,743375127,800679146,2775367508,4163872159,3466180004,447599369,109773965,1810265934,1397162110,3261920170,3512461815,276971192,987738501,2490241067,2743427895,3743008246,4155074892,548461767,1274475523,59384283,2098858619,1117792760,2015753229,1170150920,1546241989,1870083134,3230375510,2831329358,2040797890,2584101774,2399067340,1805704208,83350001,3102773116,1057796356,3604863017,595019839,1086983124,3083887516,3684183327,229571003,816120957,3934722172,3549830153
LastModified=1740648465
NaturalSize=157,64

[/usr/share/plasma/desktoptheme/default/widgets/action-overlays.svgz]
LastModified=1740648465
NaturalSize=136,136

[/usr/share/plasma/desktoptheme/default/widgets/arrows.svgz]
14848198163205215929=15.000004000000002,30.000002999999992,13.999992999999998,13.999995000000013
4561269878302815484=15.000004000000002,30.000002999999992,13.999992999999998,13.999995000000013
LastModified=1740648465
NaturalSize=44,44

[/usr/share/plasma/desktoptheme/default/widgets/background.svgz]
10291956172006550040=45.000465000000005,30.999396500000046,11.999541999999991,32.000591269239976
10552431516567083108=13.00001200692786,63.00000000000003,32.00045319307214,11.999799999999993
10872617155867431896=34,67,4,8
10901330178548274365=1.00000399999999,30.999396500000046,12.000001999999995,32.000591269239976
11512011900635819742=45.000465000000005,30.999396500000046,11.999541999999991,32.000591269239976
12584699555112465286=1,44.062355,14,4
1283491172786786028=28,61,4,14
13276813193091944256=1,49,8,4
13500118253431615730=49,49,8,4
14055647234083563312=13.00001199313462,19,32.00045120686538,11.999400000000009
14555841049174537212=34,19,4,8
15493610513335949971=43,44,14,4
16024038733338010102=5,8.625,5,4.375
2866063057315866004=28,19,4,14
2963616204589258761=13.00001199313462,19,32.00045120686538,11.999400000000009
4367241200792311350=1,49,8,4
5081235990802378130=49,49,8,4
5201885509791461180=5,8.625,5,4.375
5264480660591927556=28,19,4,14
5293038500021761487=1.00000399999999,30.999396500000046,12.000001999999995,32.000591269239976
5545500386499692334=1,44.062355,14,4
6315693210459372047=13.00001200692786,63.00000000000003,32.00045319307214,11.999799999999993
8162702419602575478=34,67,4,8
8187542205983127800=43,44,14,4
8411482716265558809=34,19,4,8
9468509337598996584=28,61,4,14
Invalidelements=2383992673,1916988904,3394904869,2722094536,956419729,3466621654,3960150858,2785149033
LastModified=1740648465
NaturalSize=148,148

[/usr/share/plasma/desktoptheme/default/widgets/busywidget.svgz]
12966463852954287531=51.329166,279.53748,5.820833700000001,5.82083369999998
14161590026104460809=51.329166,279.53748,5.820833700000001,5.82083369999998
14380030935205121665=58.472801,281.12497,4.233333600000002,4.23333359999998
16125973409032525987=-3.600000010317572e-07,0,35.983334,35.98333400000001
3614868385291443894=51.329166,279.53748,5.820833700000001,5.82083369999998
3755697629301243852=58.472801,281.12497,4.233333600000002,4.23333359999998
4181080177762989509=58.472801,281.12497,4.233333600000002,4.23333359999998
7461923071449713562=-3.600000010317572e-07,0,35.983334,35.98333400000001
LastModified=1740648465
NaturalSize=136,136
busywidget=6x6,4x4,6x6,4x4,6x6,4x4,

[/usr/share/plasma/desktoptheme/default/widgets/button.svgz]
10106227162013416640=203,146,7,18
10120831371564000972=263,165,7,7
10202168663634570603=263,108,5,18
10214206383986656016=238,192,4,2
10232442894086530735=238,203,5,5
10309913865463971028=182,70,18,18
10424073256824906500=174,184,5,18
10479125660698496660=236,146,7,18
1050138405111942764=190,172,2,2
10536189144261846680=244,102,18,5
10675015942190448026=244,127,18,5
10722462868526049278=-12,76,3.9999999000000006,4
10791625323611273431=252,138,2,2
10802527149150499632=252,170,2,2
10947710589061758901=172,167,7,7
11022693391052823076=182,129,18,5
11068509275853904032=244,138,18,7
11256125249140346079=264,192,4,2
11278989049408982360=203,53,8,8
11363499351302522739=190,100,2,0.0010000000000047748
11373670226718504816=174,205,5,5
11484938821160968377=263,184,5,18
11540302813924840747=172,146,7,18
1161808812966315963=79,62,5,5
11693597838973810789=268,154,2,2
11693780197532170304=236,165,7,7
11708375916550160978=263,178,5,5
11767556815049260723=268,154,2,2
12015317690318095720=174,184,5,18
12034466453351058538=182,184,18,18
12043865094622880004=182,32,18,18
12049896425314557842=238,178,5,5
12058158335241788332=263,178,5,5
12076408815604960318=263,145.99999618000004,7,18.00000001800001
12087698315693011747=174.00000000000003,100,4.999999999999972,5
12097153566997118603=263,102,5,5
12107810093564284777=190,204,2,6
12169627299305628931=171,32,8,18
12183893718753130622=203,167.00000000051,7,7
12225371924188308766=264,192,4,2
12272263580306108876=252,170,2,2
12309230355705104833=182,100,18,5
12315306476898818652=-12,76,3.9999999000000006,4
12317413809514098143=182,21,18,8
12346364533919438421=244,102,18,5
1235873149575185338=172,146,7,18
12387050907996213381=203,136,7,7
12422424673374194788=268,154,2,2
12467398679254834571=202,192,6,2
12468939707213531037=238,102,5,5
1249809156423284690=244,138,18,7
12677367979789825527=190,21,2,3
12688660603664292205=208,116,0.0010000000000047748,2
12744304628294445055=236,138,7,7
12808999259925955972=203,91,5,5
12819921660170549318=182,62,18,5
12845925393884608165=236,138,7,7
12893550882207941749=238,108,5,18
12920866963566372082=203,100,5,5.000000000000014
12927505274388817972=244,108,18,18
12929116641179940665=244,165,18,7
13084138386582527260=202,192,6,2
13121304824696075829=238,184,5,18
13132781940437692621=263,203,5,5
13144326374520128951=238,116,4,2
13149971207460621413=174,62,5,5
13181810570598302808=174,192,6,2
13232868719523747913=252,102,2,4
13260483770310763744=182,100,18,5
13297073940611585618=190,176,2,6
13304814172347045919=203,184,5,18
13352165002632515225=174,78,6,2
13464984575394486551=238,102,5,5
13478940563390856527=190,90,2,6
1349954686714993340=190,136,2,2
13595058107050974336=203,31.999998912499997,8,18.000001718478302
1365152094190713997=190,136,2,2
13655170732035736640=203,62,5,5
13657926919639330891=236,146,7,18
13698000968399739244=50,91,5,5
13727147048173658435=203,53,8,8
13749472043761051501=174,176,5,5
13923520010288112919=262.99999999999994,127,5.000000000000057,5
13976239525523723963=252,102,2,4
13989635083726564790=244,127,18,5
14016107797363683528=203,146,7,18
14025047416143155932=263,145.99999618000004,7,18.00000001800001
14036359523240652858=236,146,7,18
14038069596729458148=182,70,18,18
14074733572829599736=238,192,4,2
14138163458410472593=58,70,18,18
14193046767237095634=190,62,2,6
14229546144049723155=174,108,5,18
14301574936517249363=182,176,18,5
14302490735302496998=238,203,5,5
14439645797828717330=58,62,18,5
14482523748412134476=238,178,5,5
1464481166161878561=252,170,2,2
1479330354980340366=190,204,2,6
14883905226930386587=244,146,18,18
14903605436726343275=244,146,18,18
15003636340851362475=174,62,5,5
15040698458833861070=182,136,18,7
15046065646762768291=174,116,0.0010000000000047748,2
15087209248536878888=264,192,4,2
15163763032655501572=190,100,2,0.0010000000000047748
15173238622738796085=50,62,5,5
15436024879546407997=203.000000001,176,5,5
1552579859573785272=190,21,2,3
15529116447420328075=50,62,5,5
15640552926561009998=190,90,2,6
15665177723435946253=174,70,5,18
15673671333912262777=174,70,5,18
15850571923253145383=182,53,18,7.999999999999993
15859370589071457505=174,129,5.000000000000028,5
1591557371383444533=50,70,5,18
1600983156637515580=190,134,2,0.0010000000000047748
16060713910177905090=203,108,5,18
16226545764393859589=182,129,18,5
16237983388562702622=203,62,5,5
16351663023620678511=263,165,7,7
16405159028825433486=174,91,5,5
16430021553873683314=172,154,2,2
16529657465656135475=182,62,18,5
16590189548989922726=238,178,5,5
16642014160719378677=190,176,2,6
16679258592779795642=244,102,18,5
1668387154115342371=252,178,2,4
16706614522310870859=208,40,3,2
16708893506625216856=236,154,2,2
16749411151701740635=203,70,5,18
16753118187212822631=174,108,5,18
16773933499559481352=252,178,2,4
1677482901817083366=238,108,5,18
16805181456202795535=182,184,18,18
16819476404852812667=182,176,18,5
16876500302210882018=236,154,2,2
16922801187463738497=182,136,18,7
17242599194012066712=174,70,5,18
17257074886994983838=182,91,18,5
17269747527746079871=182,70,18,18
1731446405107328473=244,165,18,7
17356656960887946944=202,78,6,2
17524932297512973875=203,70,5,18
17574322667896515245=58,91,18,5
1762738919222665420=182,167,18,7
17711389356555614902=79,91,5,5
1785608978938938123=203.000000001,176,5,5
17965351509869465861=264,116,4,2
17970927925452708348=263,108,5,18
18014815586870692545=238,203,5,5
1810983755409922270=203,100,5,5.000000000000014
18132431854393570893=252,178,2,4
18135438810846676319=252,102,2,4
18182290666945040095=244,108,18,18
18279190388940978895=203,108,5,18
18366279438642840377=182,32,18,18
18444106564877093557=236,138,7,7
1859149555371496647=244,165,18,7
1885690912142407596=-12,76,3.9999999000000006,4
1889172324725205086=208,154,2,2
1896517627242108880=244,127,18,5
2010897335896204475=264,116,4,2
2046378312561763178=190,62,2,6
2130589760925298183=238,108,5,18
2184674652623053651=203,91,5,5
2199886971928903499=263,108,5,18
220719058944627670=264,116,4,2
2233710713247552133=190,136,2,2
2442022982318573979=182,91,18,5
2470507128477145293=203,129,5,5
2501798626099480798=171,53,8,8
2523559659984478212=182,21,18,8
2589945476291520979=203,53,8,8
2651088097488198978=252,128,2,4
2757363089393417043=182,32,18,18
2786184908797434788=244,178,18,5
2788174731156547424=203,108,5,18
2821144139449048000=203,70,5,18
2821302495576309734=263,178,5,5
2894847323605890347=190,134,2,0.0010000000000047748
2979688911050148602=174,78,6,2
3033105620893327932=202,192,6,2
309760720728129217=252,204,2,4
3102617477196594268=182,205,18,5
3123024529054485389=182,108,18,18
3154484233714686721=252,128,2,4
3171077037696518906=174.00000000000003,100,4.999999999999972,5
3171795255964258767=182,184,18,18
3212400865729765598=174,192,6,2
3287480011755618209=238,184,5,18
3301741803672734848=262.99999999999994,127,5.000000000000057,5
3426360581748853223=190,134,2,0.0010000000000047748
3450666371966519186=203,129,5,5
3483656142383213448=263,184,5,18
3541912171602396853=262.99999999999994,127,5.000000000000057,5
3617689010315979083=-12,192,3.9999999000000006,4
3662747192786995087=190,62,2,6
3673021602600625175=50,91,5,5
3688360740221297741=174,78,6,2
3815362024090860117=50,70,5,18
3880968108262455176=182,167,18,7
3892884805127886814=79,70,5,18
3921374411469479630=190,172,2,2
4035818541612940265=182,100,18,5
4095924983843807281=252,204,2,4
4097408602893571123=263,145.99999618000004,7,18.00000001800001
4107847240492606552=244,184,18,18
4182359647132509559=263,184,5,18
4210353392261290278=190,21,2,3
4279125033825276166=171,40,3,2
4435186402973727246=252,138,2,2
4441362916457857675=174,116,0.0010000000000047748,2
4514581642546028763=171,21,8,8
4572225915063158065=58,91,18,5
4650077410521784888=208,154,2,2
4656636521125149825=203,31.999998912499997,8,18.000001718478302
4658970621567216703=171,53,8,8
4687705665976505968=171,40,3,2
4755038187750502880=252,138,2,2
485574623912699805=208,40,3,2
487934010365969146=238,127,5.000000000000028,5
4923172136263008898=182,108,18,18
5043681739263533075=171,32,8,18
5181887751580415828=203,21,8,8
529395808144903550=238,116,4,2
5311360763036959172=203,21,8,8
5312414557927364484=203,146,7,18
53524647148505679=244,138,18,7
5378660387102275149=174,116,0.0010000000000047748,2
5434158667991344574=238,127,5.000000000000028,5
545153516017773906=203,167.00000000051,7,7
546387070524618234=190,172,2,2
5495445196126732636=174,176,5,5
5656568020165203584=244,184,18,18
5709281382189388468=182,62,18,5
5730200948116652659=244,203,18,5
5783200506494807359=208,40,3,2
5827261000781300983=238,184,5,18
5956112978710346550=190,58,2,3
5967321682849372772=171,21,8,8
5982222342596817429=79,70,5,18
5983553855618052716=172,154,2,2
6091956178742369609=174,129,5.000000000000028,5
6104201194995963425=202,78,6,2
6146575884487375004=203,184,5,18
6157926317302578853=182,53,18,7.999999999999993
6229779486960892848=202,78,6,2
6288314991499322767=174,205,5,5
6307152565213738890=244,178,18,5
639705011923241301=182,146,18,18
6424325193298277301=182,146,18,18
6444059580996360059=244,184,18,18
6534360083655231016=236,165,7,7
6565841265111727523=172,154,2,2
6624733370975704447=263,138,7,7
6629582888745397450=263,138,7,7
6709736230775759834=182,205,18,5
6713401229130796212=263,102,5,5
6720742374661822697=208,116,0.0010000000000047748,2
6730182680558436687=203,184,5,18
6883737267254681816=182,176,18,5
6930733657874070380=182,136,18,7
6961768744395004732=58,70,18,18
7096432209543491941=190,90,2,6
7140325799677309313=238,192,4,2
7146680298679775609=263,203,5,5
7164088418061020988=58,70,18,18
7216342833049194972=171,32,8,18
7226165423151611996=244,203,18,5
7241940948374489904=171,53,8,8
7265077846319221011=182,21,18,8
7275452431650381474=182,205,18,5
7303612573796031101=203,31.999998912499997,8,18.000001718478302
7308457412087444091=174,108,5,18
7342022566866113001=182,91,18,5
7376216779947412110=252,128,2,4
7419962841920612924=252,204,2,4
7538379529361291600=244,178,18,5
7597706096411488466=203,136,7,7
7639647972443631079=263,102,5,5
7729061730908214875=79,91,5,5
7859187596148527964=244,203,18,5
7943051504134869984=79,62,5,5
804288460293334716=263,203,5,5
8075421226195306378=244,108,18,18
8218319605220090794=263,138,7,7
8244786945817404359=202.99999999800002,204.99999999800002,5,5
8246910365666864157=190,58,2,3
8248091232018803517=236,154,2,2
8324220641862159435=190,204,2,6
8358313548058880317=238,102,5,5
8373504895236619346=172,136,7,7
8466433361786591175=263,165,7,7
8508896343475060992=244,146,18,18
8556347111228135513=236,165,7,7
8632267713944994163=172,136,7,7
8714573541495046791=172,146,7,18
8827028364302081744=182,129,18,5
8830312850469053356=182,167,18,7
8860867490697222967=190,100,2,0.0010000000000047748
909647205472655462=202.99999999800002,204.99999999800002,5,5
9150359174575901301=58,62,18,5
9167064833199382025=-12,192,3.9999999000000006,4
9223422813871224548=238,127,5.000000000000028,5
9242685169970734924=171,40,3,2
924953471874112430=171,21,8,8
9266056477671415145=182,53,18,7.999999999999993
9317024877005039463=174,192,6,2
9327119292719799592=190,176,2,6
9511809995380261941=203,21,8,8
9536698180087984770=238,116,4,2
9648518803659447674=182,146,18,18
9693957881865359325=172,167,7,7
9745189788273720448=174,91,5,5
9764856376294219698=174,184,5,18
979818602158410552=-12,192,3.9999999000000006,4
9881604364666863843=208,154,2,2
9888041953824024476=190,58,2,3
989851373670721169=182,108,18,18
9912079193141258108=208,116,0.0010000000000047748,2
Invalidelements=1007567746,4111923148,3406674841,853718175,4248140350,3022760885,3046991995,4266111776,2323929045,664157919,3943289366,2093167198,1628383959,3225332363,2039414416,3081948961,2361101380,1036857739,3557271084,1364532198,507869775,276640204,4194949775,3337105043,2537882297,2061522682,1103293785,4030791601,852822846,3164360701,3334324555,2462574475,362668376,3595761120,1986236585,106777768,4232601942,506435926,2906197933,3480366410,3774701327,3501882920,96369271,1533460888,1639708590,1860305976,2411420789,2433158737,1078727533,4244329,2390654699,65480015,160409826,1660568104,3603330500,295285229,2906924982,2254420666,744764549,1694065168,3857014397,230339482,887536,3866699766,2481903764,783238089,2017043841,1512122469,3416441378,2556919512,1514127623,3454828277,2033415774,369871347,2969072924,2917663787,4249174658,3653481891,1417558528,794183386,570627623,4111916861,3185729510,2137332811,3600216935,1503869076,2462054626,2087396256,653167522,3297027222,3153482969,2553326552,3930129226,1697572538,3165089792,367121962,3457472874,620263699,518793836,206323688,1676165175,3420698470,692264874,3593404656,3760451422,3421822921,3653120898,1344967568,3427754195,1857655669,3635877206,2384070582,807126300,1238949691,899373351,1821337492,1644877821,4274445088,1648144343,2724884604,755509797,1461479387,1135052521,907193522,1543485372,3075074031,2103372974,58559245,2221405403,3823233858,2251000761,681122416,2536975103,1339376195,1927936787,3242710350,726402893,3568194328,2894415803,1101631503,2238657302,1122332999,492302700,207070632,2472219410,1957248740,2135143915,3542935964,3198693161,993363819,4047309120,229578709,3814385940,3270122646,2590828232,2509984147,874722489,3299872026,2267762737,3612183056,1370610497,3320183311,2749580960,2606403679,1457140713,801532471,869922067,264984282,1341033056,2800486543,2291695101,1257222639,1569141665,3075215764,1220215123,3979317856,544929919,281385288,3368629954,1677841406,2235571879,2679702906,3542422652,2481929916,611514668,4101796748,4289973935,4143204229,317208391,4124283250,659899244,205864430,252864135,2688247824,3989057266,2560644278,586417781,3075070475,3288659418,1662431519,2046917166,4180233570,3611871943,140471834,3887430971,4248208975,4257293397,2592309984,4086359627,2856748742,3269379608,3566966338,1086377115,3171962389,1959859965,2544671491,2426995694,1882327141,2035098740,2172954385,1287482515,1365975851,3114349317,57941038,1619137419,3687117013,4132656210,399827244,1679698509,899738188,3288067607,3258894257,2634354020,3678649142,3028305125,245803855,1054420968,624741787,2054782233,3019718041,2205968536,1108647101,577411271,935358140,2212657289,1897538497,959512308,923580935,3353682296,239928271,4139223080,296588091,4272175968,3428000414,2324506197,4070046278,46968646,4064001563,1121752582,409185759,721904838,2084561403,1640733167,392995219,3516501638,877006794,877813557,1335402363,1864613433,855314631,2505948825,583199511,3769192005,2230615370,346027171,2386081215,4187070910,1172917293,3939385622,446013565,3825821208,607699102,1811664577,2047144778,3279501568,3741254691,3683527095,2343273041,2088048635
LastModified=1740648465
NaturalSize=288,224

[/usr/share/plasma/desktoptheme/default/widgets/glowbar.svgz]
2335091922998161870=34,34,12,12
LastModified=1740648465
NaturalSize=56,56

[/usr/share/plasma/desktoptheme/default/widgets/line.svgz]
12543590809561935667=0,0,1,1
12789050842920626791=0,0,1,1
14784288050512393835=2,0,1,1
2230390791257465063=0,0,1,1
5333939219474910013=2,0,1,1
9645151163971219986=2,0,1,1
LastModified=1740648465
NaturalSize=3,1

[/usr/share/plasma/desktoptheme/default/widgets/lineedit.svgz]
1009826669419792746=-5.000018177270249e-10,84.99999999984499,5,20.000000000050008
10140685795167120013=4.999994477540739,40,69.9999969523904,5
10643105611615994096=75,80,5,5
11199782010682384345=40,79.9990005493,2,0.0010000000474974513
11212379540779164253=75.00000000040001,124.999999450845,7,20.00100000005
11323822001742383014=40,0,2,6
11360239010414031309=80,54,0.0010000000474974513,2
11385806176927457025=40,24,2,6
11512870059870288301=74,14,6,2
11526261126713693172=75,80,5,5
11836331472057137815=0,44.999999999844995,5,20.00000000005
1193050110873249983=80,54,0.0010000000474974513,2
12060533084077100424=0,5.000000000044999,5,20.00000000005
12152303760822966013=0,-4,2.03293180466,2.07712602615
12177912106210631783=0,0,5,5
12525726067494981759=0,5.000000000044999,5,20.00000000005
12606477826295813675=8,88,64,14
12939163060691832832=0,14,6,1.9999999000000006
12980634322418075586=40,39.9990005493,2,0.0010000000474974513
13159761140309446396=-9.999894245993346e-10,105.0000000001,5,5
13219532192668408353=-9.999894245993346e-10,80,5,5
13368638381045159360=75.0000000011,44.999999999844995,5,20.00000000005
13442750073177990511=0,14,6,1.9999999000000006
13571219084652996285=0,65.0000000001,5,5
13668030209019688758=-0.0010000000475,94,0.0010000000475,2
13729800712218361126=0,-4,2.03293180466,2.07712602615
14156751409633993664=0,25.000000000100002,5,5
14215059800216817620=4.999994476540735,25.000000000100002,70.00000400000945,5
14467582352370952835=4.999994477540739,0,69.9999969523904,5
14610004230039907309=75,65,5,5
14850464400470524134=0,40,5,5
15058062935177749493=4.999994476540735,65.0000000001,69.9999969523904,5
15120883767628371245=40,24,2,6
15143084075574491274=4.999994476540735,105.0000000001,70.00000400000947,5
15185943708789904777=-2.000000001000018,145.00099945099998,7.000000000000028,7
15242224358571163303=40,110,2,0.0010000000474974513
15526782701122417949=4.999994476540735,105.0000000001,70.00000400000947,5
15712978557268699369=4,-4,2.0329318046600005,2.07712602615
15751271092952064285=40,39.9990005493,2,0.0010000000474974513
15785808945468971055=80,54,0.0010000000474974513,2
15943721937736367022=75.00000000099999,40,5,5
15960658102861505288=40,79.9990005493,2,0.0010000000474974513
1606887549912446268=0,25.000000000100002,5,5
16103635122135323426=8,48,64,14
16110046759592411267=75.00000000040001,84.99999999984499,5,20.000000000050008
1617939194301964505=75,105,5,5
16191699776873211190=74,14,6,2
16205568252936130732=0,65.0000000001,5,5
16256158369235244039=75,118.000000451,7,7
16412939055083657344=4.999994477540739,40,69.9999969523904,5
16758717043492896776=-0.0010000000475,54,0.0010000000475,2
16995271993104186607=0,25.000000000100002,5,5
17065438872124617773=40,24,2,6
17545533748124928395=4.999994476540735,25.000000000100002,70.00000400000945,5
17941613696478551501=75.00000000099999,0,5,5
18030746162290012513=75.0000000011,5.000000000044999,5,20.00000000005
18072125980194441322=4.999994476540735,80,70.00000400000945,5
18180853910313010852=75,80,5,5
18208073484474704135=4.999994476540735,65.0000000001,69.9999969523904,5
18347273828286580211=75.00000000040001,84.99999999984499,5,20.000000000050008
18371372515790751066=75.00000000099999,40,5,5
18377115561041863481=0,65.0000000001,5,5
18417098961441950003=-5.000018177270249e-10,84.99999999984499,5,20.000000000050008
2379078084484844451=-2.00099992752,134.00100708,2,2
2423475212084274444=80,94,0.0010000000474974513,2
2472649731381811936=75,25,5,5
252673935890296163=74,14,6,2
2570803893108804393=4.999994477540739,40,69.9999969523904,5
2591325620413098701=-0.0010000000475,54,0.0010000000475,2
2740907530550770470=8,128,64,13.999991999999992
2769287327126533630=40,70,2,0.0010000000474974513
3009245452238213779=75.0000000011,5.000000000044999,5,20.00000000005
3094560036873190604=75,25,5,5
3096585821281496461=4.999994476540735,80,70.00000400000945,5
3133633306821472224=80,134.00100708,2,2
3148792560077053185=75,105,5,5
3234192538091243555=-9.999894245993346e-10,105.0000000001,5,5
3245530567085102758=8,48,64,14
3252133729449048605=75.00000000099999,40,5,5
3297389290709172081=75,25,5,5
3303215992756174629=8,8,64,14
3330441966334091396=80,94,0.0010000000474974513,2
33993451428877671=40,110,2,0.0010000000474974513
3498238922653855566=75.0000000011,44.999999999844995,5,20.00000000005
3751931834609155901=4,-4,2.0329318046600005,2.07712602615
3927421373761305833=75,65,5,5
4082904141720306854=0,0,5,5
4320595446265444352=40,39.9990005493,2,0.0010000000474974513
4775964104286181043=75,145.0009994506,7.000000000000028,7
5241911436248711723=-2,125.0000000393233,7,20.001001535676707
5291846762587998788=75.00000000099999,0,5,5
5342525257767638550=40,70,2,0.0010000000474974513
5549224830394939512=75,65,5,5
5633216044155490865=0,44.999999999844995,5,20.00000000005
5731903922901910400=8,48,64,14
5740707699926966602=-0.0010000000475,54,0.0010000000475,2
5987046918523578352=0,40,5,5
6000018501413093170=40,0,2,6
6139830316905533165=4.999994476540735,105.0000000001,70.00000400000947,5
6219579605970920255=40,70,2,0.0010000000474974513
6332799386538266496=4.999994477540739,0,69.9999969523904,5
6452809812150612736=40,150.00100708,2,2
6668596260073398064=8,88,64,14
6717644986347634459=0,5.000000000044999,5,20.00000000005
6719880389776327091=4.9999990000000025,145,70.0000039880952,7.0000009999999975
6742711988639858687=0,-4,2.03293180466,2.07712602615
7098430325212106858=8,8,64,14
7177017664374702057=40,79.9990005493,2,0.0010000000474974513
7213702313434033290=-2.000000001000018,118.000000451,7.000000000000028,7
7425177974358052784=-9.999894245993346e-10,80,5,5
7592531144235952550=75,105,5,5
7630351403191249148=40,118,2,2
7716924175948700877=4.999994476540735,80,70.00000400000945,5
7811121225704666054=75.0000000011,44.999999999844995,5,20.00000000005
7845931784507401079=4.999995559359405,118.001,70.0000048406406,7
796842875764171095=4.999994477540739,0,69.9999969523904,5
7976645560648796157=75.0000000011,5.000000000044999,5,20.00000000005
7976871095755706517=75.00000000099999,0,5,5
8184278280018228524=0,14,6,1.9999999000000006
8213782979928687567=4.999994476540735,25.000000000100002,70.00000400000945,5
8310633213685058413=0,0,5,5
8318775685662613563=40,0,2,6
8442496659167603691=0,40,5,5
8543044810141437009=8,8,64,14
8778017126370253564=-9.999894245993346e-10,105.0000000001,5,5
8848333307476094125=4.999994476540735,65.0000000001,69.9999969523904,5
8983767359099568919=75.00000000040001,84.99999999984499,5,20.000000000050008
9071942249985755549=8,88,64,14
9172511752385186837=-0.0010000000475,94,0.0010000000475,2
9537617575678328805=-9.999894245993346e-10,80,5,5
9576676106913271920=80,94,0.0010000000474974513,2
9666212227638592881=0,44.999999999844995,5,20.00000000005
9851495248514867325=-5.000018177270249e-10,84.99999999984499,5,20.000000000050008
9896369947791201389=40,110,2,0.0010000000474974513
9950531009925315244=-0.0010000000475,94,0.0010000000475,2
Invalidelements=2385650164,2241058911,2948553514,4117768182,3963403847,2587824153,232973104,1456447467,2038177505,301042665,1610615222,1472487347,2117012870,1366970225,3682363942,3168605674,1108223448,1932470957,1569984656,579244208,1396942142,136664064,2939116088,3934749760,1170167481,2570129473,1164307712,4272252945,1607211322,3817804566,162855058,359963649,2181323009,2289486501,202166986,3050241181,1653324374,1931851573,592593113,481248505,3654865766,2444596447,2800738828,1998676180,2147551774,1432577869,2025893732,1118732674,1075449138,1420393080,4217063865,1052556953,3476404979,1809947324,3288305746,1867599390,1335230282,1412766554,311447456,3371159949,1121009476,2338910634,3538487004,1079356229,3903299096,1160927089,3678225745,2486068233,3704571946,3451560223,1835033991,1817296363,4132706282,3375398227,2918553447,36544546,1758386656,170221196,2298146102,2989041062,4058782417,3255902258,1360059337,1375171390,1813482501,3942981282,4244669379,3705441198,3082645265,239416011,1150775725,4243313966,3813122549,2383506188,158723554,2423095163,713788074,2892049441,1700534530,3912135683,3120228494,3993419414,1413427122,3437863635,3136086110,1198171752,3546556237,1366527335,3695220663,641882940,1449361257,599432570
LastModified=1740648465
NaturalSize=80,30

[/usr/share/plasma/desktoptheme/default/widgets/listitem.svgz]
10130832502206558246=24,53.000345,10.999999000000003,11.000000000000007
10371852199131957321=-10,-10,2.0329318,2.077126
10605314051178637=38,58,6,2
10953245931449989433=35,53.000345,2.000296888888883,11.000000000000007
1204255541620890144=34.999964,64.00000022222221,2.000036069150859,1.9999997777777878
127875118196728638=24,53.000345,10.999999000000003,11.000000000000007
12945568733633277336=35,53.000345,2.000296888888883,11.000000000000007
14414882246950080822=29,67,2,6
14567785618606023660=35,53.000345,2.000296888888883,11.000000000000007
15579672107958465180=23.999959999999998,51.00000022222222,11.00126257523478,2.0003447777777836
16318262376681561058=17,58,6,2
2013028102467170382=22.000002222222214,53.00033500000001,2.000297777777785,11
2863665236301870874=17,58,6,2
2872120910412844500=24,53.000345,10.999999000000003,11.000000000000007
3016069160498347755=-10,-10,2.0329318,2.077126
3911344246052134835=24,64,11,2
4181647583542943849=38,58,6,2
4725636454873170169=28,44,2,6
4786359659048927623=29,67,2,6
5474532100548990511=22.000002222222214,53.00033500000001,2.000297777777785,11
5568346422040301829=21.999964000000002,64.00000022222221,2.0000360691508554,1.9999997777777878
5878175782004036024=24,64,11,2
6636011829184591579=38,58,6,2
6955402097956279276=24,64,11,2
7491926797553250449=17,58,6,2
764743353214553929=28,44,2,6
7921899387328563426=29,67,2,6
8016128907415036393=23.999959999999998,51.00000022222222,11.00126257523478,2.0003447777777836
8298215247279801385=28,44,2,6
8376985165755118902=21.999924000000004,51.00000022222222,2.0000360691508483,2.0003447777777836
868610329433197143=-10,-10,2.0329318,2.077126
9401935197899125979=22.000002222222214,53.00033500000001,2.000297777777785,11
9617166752670999344=23.999959999999998,51.00000022222222,11.00126257523478,2.0003447777777836
9972198591740763256=34.999964,51.000345222222215,2.000036069150859,1.9999997777777807
Invalidelements=3636353381,2287319624,2957809161,4040209935,4274556993,1418782842,931438715,2517933812,1450606846,629843571,889421082,2042405255,692665532,1991091770,3758576220,2766455846,1999517618,4054760658,1102676172,97709580,1677146168,2632317994,2998921408,2115498975,858852461,2277988198,2860906521,4060680373,2396737777,2165564773,2832507156,1524225155,1146693400,3866371658,3317949157,3694443688,222238397,382028817,542983311,1677616887,4166636879,584339135,1477559051,1510363008,1625109531,617863663,2610661597,1707050862,351670064,2616811139,2181667013,1353018276,862593750,1684885075,2946030751,2417673543
LastModified=1740648465
NaturalSize=128,300

[/usr/share/plasma/desktoptheme/default/widgets/margins-highlight.svgz]
10651902045167470047=1,1.0125199999999381,4,4
297911677680570884=10.029290000000003,1,4,4
9533261849977021649=1,5.012520000000109,4,4
Invalidelements=3373819371,1869771058,3308279319,4204431904,2676528000,3451147891,2655708229,3352774780,1818306681,2833189141,3439996044,470095144
LastModified=1740648465
NaturalSize=15,10

[/usr/share/plasma/desktoptheme/default/widgets/pager.svgz]
10214485024742191888=-13,13,10,1
10726013392783300443=-13,33,10,1
11929733390385082351=-13,13,10,1
11985602263322754614=-13,9,10,1
12869575532755762115=-13,21,10,1
1421253201200096364=-13,33,10,1
14479898969499162416=-13,1.9999998,10,6.999999999999999
14771525391500863812=-13,26,10,7
14853796656965045782=-14,1.9999998,1,6.999999999999999
16416201052511106251=-13,0.99999982,10,1
16869484600395386120=-13,21,10,1
17014588399653432582=-13,0.99999982,10,1
17034797421497690031=-3,26,1,7
17866833487009181511=-3,14,1,7
2686748030945832901=-13,14,10,7
268998591094324042=-13,25,10,1
2740813482047912812=-13,1.9999998,10,6.999999999999999
312870666373382140=-13,9,10,1
3623327544657282796=-14,26,1,7
4020176848836991184=-14,14,1,7
4154595265028424274=-13,14,10,7
4562871749332111216=1.1607215,1.2080072,1.0000000000000002,0.9941440799999999
4983903637033962192=-3,1.9999998,1,6.999999999999999
5172609462074127703=-3,14,1,7
5284911899628749425=-14,1.9999998,1,6.999999999999999
6373890890998247152=-14,14,1,7
6716931323645023157=-14,26,1,7
6730326593037099170=1.1607215,1.2080072,1.0000000000000002,0.9941440799999999
7037816449485890773=-13,26,10,7
7190249680746543723=-3,26,1,7
7943108330583397352=-3,1.9999998,1,6.999999999999999
836788318436668051=-13,25,10,1
Invalidelements=2200028065,3657892247,3061156365,4022726553,2166810299,4286294779,771476726,3262712396,3476601771,2498522619,1615999228,575182539,3774524798,1109881810,3737256960,3995635360,3379368941,3813026333,973359869,271707691,2933237697,2387358307,4071190236,4004262507,2587483791,1678291383,414310758,3893400183,3946281145,2383430184,1520868588,3291714213,4233592483,1152680020,356208016,817445302,343640321,2581429875,118795554,54393001,1482642536,1453469571,1382915055,1619683912,3872092652,89727675,210535303,2379995570,1293727357,1992675452,1100529325,1764853850,248337770,1018840870,2389659314,2848345125,369939817,282706068,4185151514,4088750036,309924661,1428070324,3168422902,137914151,1770619987,2194623362,1226459419,1342092474,2265583537,3547447027,2473325629,389319216,1084333538,2959954535,2460539821,3052883626
LastModified=1740648465
NaturalSize=50,50

[/usr/share/plasma/desktoptheme/default/widgets/panel-background.svgz]
10232788737622432322=151,10,6,6
10295498310049707653=113,48,6,6
10450011957772197584=20,10,4,4
10710082341013914256=38,48,6,6
10713967449985639479=95,48,16,16
10718961222444981440=151,16,6,32
10871033668866827788=6,48,32,6
1087114325460199006=20,10,4,9.99999905104687e-09
1099659683444766009=6,10,32,6
11135031644091597284=113,10,6,6
11293065430390256860=47,48,16,16
11378395339526033390=0,0,5,5
11535259641773336277=119,10,31.999989999999997,6.000021
1154993206270410278=39,105,4,8
11590570966110308171=38,69,4,8
1185109035702240336=6,16,32,32
11879028437105466216=0,16,6,32
12822429863636479418=0,48,6,6
13050551358472472715=44,30,1.000000082740371e-08,4
13651253130482938986=0,0,5,5
13775220585135418010=151,48,6,6
13802522103779051452=151,16,6,32
1386530892879386595=63,48,32,16
14549679380949060234=38,16,6,32
14641367685148938672=6,10,32,6
15503352948515845225=20,50,4,4
15852108152285516537=113,16,6,32
15967435239083170923=113,10,6,6
16123074291296223115=40,30,4,4
16838232622561284019=0,30,9.9999999e-09,4
16845425151147407293=39,105,4,8
16851813876734089010=20,10,4,9.99999905104687e-09
17219888279757301580=119,47.9999785,32.00000800000001,6.000021500000003
17928905476448278868=6,48,32,6
18133693354397523499=20,10,4,4
18324303004035882019=119,10,31.999989999999997,6.000021
1967965534771064812=119,16,32,32
1975553750452262925=0,30,4,4
2039344454814426475=38,69,4,8
2603650777950816552=76,0,2,10
3056972278742365030=20,54,4,1.000000082740371e-08
3258462481617620954=12,95,8,4
3355955182799526734=6,16,32,32
365267245111002174=48,95,8,4
3792348275943521707=44,30,1.000000082740371e-08,4
4079737359775025826=63,0,32,16
4100704974549181599=20,54,4,1.000000082740371e-08
4325758523727090017=20,50,4,4
4360716198629469075=19,75,32,32
4600690988897417748=119,47.9999785,32.00000800000001,6.000021500000003
5210090450024253449=47,0,16,16
5802084656900890940=0,16,6,32
5888194364088087666=12,95,8,4
6425085729866171336=151,10,6,6
6622842024570570480=0,30,4,4
6713492453472145867=48,95,8,4
6777062486844509187=113,48,6,6
6783013878924917743=0,10,6,6
6806979544537745551=151,48,6,6
6840077869831865656=38,10,6,6
7140368511868782461=47,29,10,2
7349998062536968384=119,16,32,32
7566249497688484160=0,30,9.9999999e-09,4
7698192534966913629=38,16,6,32
771546281753910262=101,33,10,2
8267874572665234780=113,16,6,32
8630993782103762465=76,54,2,10
8803669498140218916=95,16,16,32
888637170487322167=47,16,16,32
8917686728871750735=19,75,32,32
9279059844210771944=95,0,16,16
950221217509517197=40,30,4,4
Invalidelements=1325806052,1414001462,4202390523,3396707872,2104734235,2018119059,1457911859,2520897559,4262623559,3315624048,984627424,3617531504,919086024,67684748,369123460,2909639901,2009227980,2726929206,2862710387,1401951437,3491940021,1212971635,2090833157,2062348626,2994998602,113719409,3520765350,1493669139,4244200631,4282533623,515748290,24876851,1316859175,615749832,1899778886,2483396892,3624461004,2391695744,448172422,3991420378,381196171,3274271294,3506641991,3018449666,3979602372,2627663112,4005816695,2461880100,1880610719,3543643379,229807271,105883590,268342049,1111887638,2608052937,1754563597,278183642,1035919230,3617636872,243089951,2376208114,669849311
LastModified=1740648465
NaturalSize=157,64

[/usr/share/plasma/desktoptheme/default/widgets/plasmoidheading.svgz]
10421514364611111300=67,44,32,6
10670528018060851234=67,12,32,32
11025528420410514620=61,12,6,32
11277458358622699065=67,6,32,6
11733251629759305291=61,12,6,32
12227168319462115046=67,12,32,32
12257905598504853369=67,6,32,6
12263147741428973528=67,44,32,6
12702901108911197725=51,6,6,6
13683747220466685793=51,6,6,6
13971836530237047165=19,12,32,32
14025518815433814769=61,6,6,6
14061781562431294706=67,12,32,32
14715750860460652868=51,12,6,32
15120644745072487886=61,6,6,6
15244897828872396178=-7,-7,5,5
15628587748899999911=13,6,6,6
16236782997114357584=13,44,6,6
16550778573133913663=19,6,32,6
16576723949911675671=99,44,6,6
16630801972933161956=-7,-7,5,5
16860000411531479224=99,6,6,6
16945096993879012262=61,44,6,6
1718154498357283642=99,12,6,32
17277778597084850913=19,44,32,6
1747076281879117199=-7,-7,5,5
17842736787891053979=67,44,32,6
1821018438662276684=99,6,6,6
1830612550786066452=51,44,6,6
18313543251287834902=61,44,6,6
1875464462258056936=61,44,6,6
2386029219638529654=51,44,6,6
2386669452190590665=61,12,6,32
2449149527153646293=51,12,6,32
2702687588057444866=61,6,6,6
4450315415646592095=13,6,6,6
4492244850749248032=51,6,6,6
4675433531633280894=99,44,6,6
4870761408423735934=13,12,6,32
5340075445286970889=19,12,32,32
5511376725594040168=19,44,32,6
5525125514026574937=13,12,6,32
5931026755957921764=67,6,32,6
6488650311923008219=19,12,32,32
6944240700336556954=99,44,6,6
7093545760133244548=99,12,6,32
7112032438146393677=19,6,32,6
7731416392431249839=51,12,6,32
7880631981157368783=19,44,32,6
8404801604509396383=13,12,6,32
8600097107441357816=51,44,6,6
8665681484259635522=19,6,32,6
9180345196554562903=13,44,6,6
9293746417240334175=99,12,6,32
9330591752731958117=13,6,6,6
9344025754073507860=99,6,6,6
9472563051715658327=13,44,6,6
Invalidelements=1246935430,4289252008,3959723733,2083443374,3656261207,3976744768,2346153453,1133126138,2859709451,2365593234,1543965504,2083221257,2931121524,1559492035,2018911868,4091446469,3442002958,1164617002,1880922400,2914791167,2599398554,715078328,666237019,1530411143,3329360591,1971431010,976624613,2750979620,2838674045,2794447316,1743635322,1642455321,2690048167,2318403519,3246524600,1823186962,3930778776,1541616621,4130914681,1006343321,3601859579,3595631500,2392306804,3145782246,1983458003,3786989938,1538563529,1003679706,774396057,1578303838,4269644287,3524622618,1734975284,1525942877,1617081997,4172498769,598637811,3512397445,319807774,3264202603,204718199,2239825651,662783766,3842022612,4086784959,571825793,2474810223,715043850,2877070240,3108865119,1022567671,465231508,1719598505,1942287551,2054938429,151691711,2603564228,4117040755
LastModified=1740648465
NaturalSize=173,56

[/usr/share/plasma/desktoptheme/default/widgets/scrollbar.svgz]
10415861903084076693=10,31,3,3
1053012458283710785=35,6,3,3
10759542695188062167=35,25,3,6
10995665095852407821=31,14,3,3
1104429775369592231=42,10,6,3
11363719228814825316=35,42,3,6
11431778272622597680=0,10,6,3
11556861108135038910=10,17,3,6
11859522180819290005=35,10,3,3
11957691157130811393=35,25,3,6
12053959959498277284=-32.8756103516,46.7764358521,2,2
12205478312371980485=25,35,6,3
12351335400429331141=39,14,3,3
12391510131378597130=14,39,3,3
12783787544373492173=6,31,3,3
12831892008956938247=25,10,6,3
13052056612423368047=17,10,6,3
1318991404288644128=39,35,3,3
13266345265414820903=0,35,6,3
13332115411488560964=6,10,3,3
13338251030153906110=35,31,3,3
13398266504723936046=39,35,3,3
13627892183092426456=35,10,3,3
13762724820064446179=39,39,3,3
13776025583920265757=6,39,3,3
14112449483885320845=46,-2,2,2
14263333994801057084=10,25,3,6
14277513010401677312=0,10,6,3
14380986597477432592=31,35,3,3
14409577208254550684=39,10,3,3
14609038584823165171=39,31,3,3
14733376398043628181=14,14,3,3
14793454925131487036=31,39,3,3
14834461110160082563=25,10,6,3
14934122594339446816=31,6,3,3
15135489455796467222=17,35,6,3
15193236214799198601=6,35,3,3
15297345835239336035=17,35,6,3
1534952997769827980=10,42,3,6
15563891402953555147=6,14,3,3
15705186179783526788=35,14,3,3
15788051626822412567=14,14,3,3
15860641218899063486=10,14,3,3
15942900699883133594=10,6,3,3
16065796691204074560=10,42,3,6
16399014839418299145=14,6,3,3
16481750284576218804=39,6,3,3
16511677724508970748=39,35,3,3
16793412359049896903=52,4,6,6
16897879957642417116=35,35,3,3
17035057133223301004=25,35,6,3
171193386612506567=17,10,6,3
17335332719462515541=10,0,3,6
17544191622715767230=42,10,6,3
17639108238434241592=25,10,6,3
17887797575284662410=35,39,3,3
17935472577846796533=31,39,3,3
17965911811986840149=39,6,3,3
17986913374256697007=46,-2,2,2
1799093837788774089=39,14,3,3
18107940700675647520=10,10,3,3
18157191801673487390=10,6,3,3
1825321069344407114=35,31,3,3
18398118602809246106=14,35,3,3
2135596424035646325=31,6,3,3
2255597906961098151=35,25,3,6
2336663787371603060=10,39,3,3
2399080657371901788=10,17,3,6
2410353644467340625=35,17,3,6
2460839893870602253=35,14,3,3
2509361356949944470=10,35,3,3
2632197268318211844=35,0,3,6
2688066572351497189=10,0,3,6
277079681682213031=10,10,3,3
2820705534780569497=25,35,6,3
3266686644217104451=6,14,3,3
3396875022305330234=35,42,3,6
3494700037559725122=14,10,3,3
3533860539137310760=0,35,6,3
3605521735389012822=39,10,3,3
3764766880697169071=39,14,3,3
3926674976228657186=35,0,3,6
3928048888659060080=35,6,3,3
4313041709564205190=31,35,3,3
4323642097693457016=17,10,6,3
447019950908728531=6,6,3,3
4561390522722914287=0,10,6,3
4600181182944514121=10,10,3,3
4614805360438604620=10,14,3,3
4690970161304705468=39,39,3,3
475192708826366709=42,10,6,3
4882350923674408011=35,14,3,3
4990623947323132505=10,14,3,3
5053681937449623265=31,6,3,3
5085018865377468702=42,35,6,3
5174349963305733892=39,31,3,3
5211495285864822405=10,6,3,3
5238147877535768147=42,35,6,3
5271000843111829047=35,31,3,3
5526688005753783559=14,10,3,3
5711199121637387769=35,17,3,6
5845255428506429844=46,-2,2,2
6107095672509645069=10,0,3,6
623812907116177801=14,14,3,3
6498172239440664730=6,14,3,3
6569442828268989470=35,35,3,3
6586478278232579427=31,31,3,3
6609866158068765221=35,10,3,3
6679500143653191307=14,31,3,3
671738264908156585=6,6,3,3
674635972506848388=35,39,3,3
6866722297924776814=31,31,3,3
691184266646981742=35,6,3,3
6948300169269612679=42,35,6,3
7226396962874512364=31,10,3,3
7312684358852663664=31,35,3,3
733133492635665286=39,6,3,3
739004853335261234=35,35,3,3
7479311157811311911=14,6,3,3
7648570086199839512=35,17,3,6
7785795547957106570=10,25,3,6
7864736376994655960=35,39,3,3
789042136055035120=10,17,3,6
7928123993434052174=14,10,3,3
8134808340722467219=31,10,3,3
8206441918751410263=6,6,3,3
8570104958094153333=39,10,3,3
874108375695546345=31,14,3,3
8885967976157453075=31,10,3,3
9143799263770006463=6,10,3,3
9221926125452297446=14,6,3,3
9312058363072507665=31,14,3,3
9356639300088909714=35,0,3,6
9454719151653311957=35,42,3,6
980379764130047455=6,10,3,3
Invalidelements=49110686,1827992392,572533465,940039769,3493612683,679799487,643039317,4173180496,1869533936,3394396054,3699503425,1921650419,1326281638,2615353532,1108279358,2222615356,3242338550,1797744203,408506891,2632617034,3587916128,3227035963,1370498925,716281627,3357435939,1492259933,2534528311,487864090,1526814794,1583974008,2643204863,2864501538,1143631159,1647462200,49058573,3504399631,2136550071,3337087782,2617497359,1493031450,1471908810,3112193091,645115859,3312015450,3833770413,1506466217,267142498,39632521,4121509883,3560035199,3733919636,1509067509,577804738,2384540160,2595971522,3947214742,3718444012,2424252730,2526526298,1309193025,1230922138,3830752964,4149911229,842278610,2379631748,631361083,3673782019,2716157741,1234363032,1024674924,1893451757,3969090914,3435536987,2057346573,3587882421,1875562148,69019963,2158457127,3802361562,4173925221,2449042260,3845192991,1333499370,2086243312,79762243,4049831496,3975565830,1894358934,1246909114,3506499110,2920341501
LastModified=1740648465
NaturalSize=48,48

[/usr/share/plasma/desktoptheme/default/widgets/switch.svgz]
11985611994043486393=29.999999900000002,0.009999900000002171,7.999999949999999,15.990000199999995
13646016919845109189=19.000000149999998,-9.999999761589606e-08,7.999999949999999,16.000000199999995
15854629639646275129=43.00000015,0.009999900000002171,7.999999949999996,15.990000199999995
16228871789528023325=5.999999900000002,-9.999999761589606e-08,8.000000049999999,16.000000199999995
16424250869087723351=0,7.0100002,4,4
17888889765158003380=0,7.0100002,4,4
18186346828799383249=14,-9.999999761589606e-08,5,16.000000199999995
1859526245170450813=0,7.0100002,4,4
2155296581882243110=29.999999900000002,0.009999900000002171,7.999999949999999,15.990000199999995
2795510464748519399=52,8,26,26
3228841650061664024=38,0.009999900000002171,5,15.990000199999995
3570424874137910626=19.000000149999998,-9.999999761589606e-08,7.999999949999999,16.000000199999995
3962304078699513789=43.00000015,0.009999900000002171,7.999999949999996,15.990000199999995
4248984523664105889=38,0.009999900000002171,5,15.990000199999995
5434506353810416227=70.3846155,33.384614699999986,28.000000599999993,28.000000600000007
5887076454335959416=29.999999900000002,0.009999900000002171,7.999999949999999,15.990000199999995
636675883799383752=14,-9.999999761589606e-08,5,16.000000199999995
6612424877085221502=5.999999900000002,-9.999999761589606e-08,8.000000049999999,16.000000199999995
688787962993739196=7,18,38,16
7345412333149331904=52,8,26,26
7872380703708586588=14,-9.999999761589606e-08,5,16.000000199999995
7911050865723297229=38,0.009999900000002171,5,15.990000199999995
8129198863550244635=70.3846155,33.384614699999986,28.000000599999993,28.000000600000007
8511497475472901437=19.000000149999998,-9.999999761589606e-08,7.999999949999999,16.000000199999995
89567733528408059=5.999999900000002,-9.999999761589606e-08,8.000000049999999,16.000000199999995
8969619298984264438=1,36,22,22
9456019130839480663=43.00000015,0.009999900000002171,7.999999949999996,15.990000199999995
9573634093187957572=1,36,22,22
Invalidelements=1675644549,1071467323,895148815,4284357848,4203543075,2621454879,2341722665,2628895862,1744767588,1667258597,2619464305,2172761685,1345870852,2576027096,2932925678,3830230137,1146310349,2794272594,1000056663,1337675994,3710394185,1716764677,3274713514,2972248540,467874639,1339455059,17068431,1774251908,1437392054,393426877,1156886910,2296212787,1752729250,1925345300,1141664605,1346661123,1037876468,2808720064,2342216086,2919085997,1229953535,1062719252,2676289622,3125266936,3445269141,3527654542,607731327,1373027374,3705672770,3829876309,754864804,2598666461,495203471,944918788,3935241725,3259531857,4167668821,2308028319,120530348,3798391932,2777864379,3078750566,1049926514,1939033738,2389105634,3623274597,2308222883,2190431208,2104399481,449507865,2037544427,2569935015,3636813158,2471012330,1291231441,3717182954,4294310432,1632226913,4171116213,475994832,1224422921,1891764491,2825676212,4134779403,171884357,1224699247,667378662,1610814373,1627582351,2505262029,2434655972,2161173390,3686696919,490974036,1553291127,3129852994,2962551985,1611760831,1540978465,1382599192,3588110956,3757060349,755219792,4008164333,2443922287,2656852240,1688058343,778423933,794706429,1902101905,3661380847,269302332,1457123827,646155040,3338711087,4269690310,3280177057,4137169322,3337548328,3593638796,856002882,1436223947,2597585636,1093857854,1163362249,1636703518,1083014763,1364088460,3982610504,1181798917,2644498596,3813446746
LastModified=1740648465
NaturalSize=51,59

[/usr/share/plasma/desktoptheme/default/widgets/tabbar.svgz]
10708990181777343577=367,218.36218,6,5
10844272838030192580=276.00001,431.36216,80,3
10896015328967078785=283,210.36218,80,4
11422412108877647686=266,434.36215,10,12
11498309501876989009=276,434.36215,80,12
12041748231022783318=356,446.36215,10,4
12101811020724094692=276,446.36215,80,4
12628097428267779646=313.758758545,210.362182617,5,10
12691500289160271874=273,218.36218,6,5
13156274097257061429=283,227.36217000000002,80,3
13204426833144387196=356,446.36215,10,4
13552014468847701665=360,437.36215,6,5
13646987687121138913=320.241241455,446.3621521,5,10
15095671509411452343=313.758758545,210.362182617,5,10
15248777921457707580=356,434.36215,10,12
15613094133248513199=360,437.36215,6,5
15924766994654182056=266,446.36215,10,4
16185402418692873050=276.00001,431.36216,80,3
16527197612881955606=266,434.36215,10,12
17303219079886626605=276,446.36215,80,4
17549250608887131661=276,446.36215,80,4
17569345835798037789=320.241241455,446.3621521,5,10
17620934682574707692=356,434.36215,10,12
1766798138958297379=356,434.36215,10,12
17803900979955256523=-233.82362,467.12659,41.362885000000006,41.12067000000002
17871537669689115109=276,434.36215,80,12
18020600336900067907=367,218.36218,6,5
2261890104399453924=313.758758545,220.362182617,5,10
2757609283798363048=356,431.36216,10.000009999999975,3.0000051999999755
2929529955393258237=266,437.36215,6,5
3271427068679847731=266.00001,431.36216,10,3.0000051999999755
3292299699409055653=-233.82362,467.12659,41.362885000000006,41.12067000000002
3482906364313270188=320.241241455,431.3621521,5,10
3868925127540874797=-233.82362,467.12659,41.362885000000006,41.12067000000002
4131508108322609299=266,446.36215,10,4
4596821848907392179=356,431.36216,10.000009999999975,3.0000051999999755
4615803954953328231=276.00001,431.36216,80,3
4843261496637651040=273,214.36218,10,12
4947953030719646863=283,214.362182617,80,20
5329873843837271151=273,218.36218,6,5
5641771427738636958=266.00001,431.36216,10,3.0000051999999755
5849539245624492492=356,446.36215,10,4
6012144464671812988=276,434.36215,80,12
6088619554487575522=320.241241455,431.3621521,5,10
6210516490661979089=266,434.36215,10,12
6246807667248523029=283,227.36217000000002,80,3
6438306701810863530=313.758758545,220.362182617,5,10
6551377734834658027=266,446.36215,10,4
6671886431608056646=320.241241455,446.3621521,5,10
6731256982179931023=273,214.36218,10,12
7051006777743140317=363,214.36218,10,12
705612340321743418=363,214.36218,10,12
718272954738196554=266,437.36215,6,5
7393675937693055486=320.241241455,431.3621521,5,10
7419337005305457503=266,437.36215,6,5
7822431738413302214=360,437.36215,6,5
8175519488775448510=266.00001,431.36216,10,3.0000051999999755
8971406809540134288=283,214.362182617,80,20
9088024024158067536=356,431.36216,10.000009999999975,3.0000051999999755
9548002371162976341=283,210.36218,80,4
Invalidelements=793226389,990190465,1012988232,3184020643,1636409802,1662702049,2006728591,1998667925,3094490649,2174144017,171251277,1530273854,3784040752,1760479502,2845660076,511918744,2470380057,1523356868,3256005726,3262182964,4076126407,1534903560,1911318616,3611294584,209605388,2265161399,3172040854,4240078399,289222903,3983195787,3730223168,1341930245,1454580806,4034300241,3025468049,3653153406,1028168624,1251896268,1985029913,3602722088,252374665,608744376,224334749,2977038504,4012091469,1380475315,455394133,3626049172,3910155397,1563285986,2019206871,2857081621,2653454673,1220041884,2189149677,2044523642,2949678525,2536353885,3110587697,3933575376,1891279443,1312424818,3745914393,3092167236,3894757406,1357812261,1199549856,2929656016,403525697,779617066,1442798315,2716668387,3994296965,963139539,3365833313,1734651801,431260758,3799194790,2533693366,2163139119,3879907666,3698129873,351451395,251418533,3473641877,3685351667,3187374949,3863762917,2944767579,845450232,3881041846
LastModified=1740648465
NaturalSize=744,1052

[/usr/share/plasma/desktoptheme/default/widgets/tasks.svgz]
10238203990857319997=31,58.999999,4,3
1028672859589639290=5,100.999993,26,3
105253744053483104=4.9999998,66.999994,25.99999992,13
10800699559386453875=31,100.999995,4,3
1124351908985431634=1,58.999998,4,3
11355677397434625826=4.9999998,45.999998,25.99999992,13
11397085701730507768=5,42.999998000000005,26,3
11730997329587645071=31,87.999993,4,13
11884140060735709121=4.9999998,45.999998,25.99999992,13
12667795366216915000=1,87.99999,4,13
12740823422753842285=5,121.999992,26,3
12862515299774681966=31,42.99999880000001,4,3.0000003999999976
1305605219424389634=1,85,4,2.999989999999997
13204284258167310190=5,58.999997,26,3
13318446050245275432=5,106,26,2.999988000000002
13531835493565025755=31,79.999995,4,3
13712600654482869619=5,63.999998000000005,26,3
137402623255745915=31,21.9999995,4,2.999998999999999
13802900547054999963=31,45.999997,4,13
13899928323807314798=31,42.99999880000001,4,3.0000003999999976
13900578332554370028=4.9999998,87.999994,25.99999992,13.000000000000014
1400868872782518192=1,66.999994,4,13
14274341092286315854=1,45.999998000000005,4,13
14689303444982449616=4.9999998,45.999998,25.99999992,13
15115013035252288004=155.99999540000002,92.00000024444182,10.999999799999983,10.999999800005142
1527661714072625220=2,51,4,4
15386958244907215716=1,25,4,13
15446301229789939118=4.9999998,24.999999000000003,25.99999992,13
15668927726980211471=31,84.999995,4,2.999989999999997
15789984672412367056=1,43.0000012,4,3.0000003999999976
15848477580881182576=1,45.999998000000005,4,13
16058807485859211361=5,63.999998000000005,26,3
16104983613738686662=1,100.999994,4,3
16249259413251588028=31,38,4,3
16483700419261991233=16,58,4,4
16759790261052311917=31,24.999997999999998,4,13
17257797886693619403=31,58.999999,4,3
17336257454500581912=5,85,26,3
17412585855570181965=30,51,4,4
17519855664896820556=4.9999998,66.999994,25.99999992,13
17660387128413054696=4.9999998,108.99999,25.99999992,13
17872121231674318288=5,42.999998000000005,26,3
18021808116427596883=31,84.999995,4,2.999989999999997
18077197747039597235=1,64.000002,4,2.999994000000001
18389366946916705539=1,66.999994,4,13
1870917163096944185=1,79.999994,4,3
1937184029719124274=1,22,4,3
197783185801654595=1,100.999994,4,3
2155251518818321598=5,42.999998000000005,26,3
2434743266671713706=1,87.99999,4,13
2498697492977768300=4.9999998,24.999999000000003,25.99999992,13
2857620858348647162=5,58.999997,26,3
2941807428661264802=1,37.999999,4,3
3141823954693132132=16,58,4,4
3409969720380237060=31,121.999997,4,3
3417907712894324945=30,51,4,4
3635761598134956307=16,58,4,4
3806278781478824286=31,100.999995,4,3
4152422615463432401=1,45.999998000000005,4,13
4340258194846830760=31,66.999993,4,13
4390479600373482306=5,79.999993,26,3
4517588809419684063=31,79.999995,4,3
4566172112943325937=5,85,26,3
4567087696334768903=31,108.999992,4,13
5153473962903705666=4.9999998,87.999994,25.99999992,13.000000000000014
5252972372284263160=5,21.999999000000003,26,3.000001000000001
5352623025632953190=155.99999540000002,92.00000024444182,10.999999799999983,10.999999800005142
5495454299060481236=1,106,4,2.999989999999997
5643805110588468485=5,37.999998,26,3
6593396226388954395=5,58.999997,26,3
6679972179381753246=1,22,4,3
673092433648227635=31,24.999997999999998,4,13
6829278723504929859=2,51,4,4
7145228097127530022=16,43,4,4
7399514749158499020=31,66.999993,4,13
7444380885376236065=31,38,4,3
7836966723715287829=16,43,4,4
8121508618929890931=31,63.999994,4,2.999994000000001
8377490244094448659=31,45.999997,4,13
847429942170928816=30,51,4,4
8848039764530547209=16,43,4,4
8849120404835853864=1,64.000002,4,2.999994000000001
8941589262006309906=31,63.999994,4,2.999994000000001
9022884359633536760=1,85,4,2.999989999999997
9028893252587024280=1,58.999998,4,3
9080017954917323834=1,121.99999,4,3
9093581711472415947=31,106,4,2.999989999999997
9146903351138882641=31,45.999997,4,13
9160698135576513323=5,37.999998,26,3
9178094258352222666=1,37.999999,4,3
9289404018095426232=2,51,4,4
9381483185635492500=5,79.999993,26,3
9529789467011137072=1,43.0000012,4,3.0000003999999976
9538435489924512306=1,109,4,13
9542741813238545369=5,100.999993,26,3
9549902131442202489=1,79.999994,4,3
976966575944604697=31,21.9999995,4,2.999998999999999
9813574826925197255=1,25,4,13
9989511651496673405=31,87.999993,4,13
9990430794575393441=5,21.999999000000003,26,3.000001000000001
Invalidelements=2697220094,2007920806,420864972,1738696730,2620183185,3313715506,4010784177,268998685,2535950860,4264804757,1186544911,3471930197,1299604588,335695144,2121501995,2680095307,1565858964,3139914526,1599062298,4225635980,3501033508,1843469043,3004988697,2465629826,241663996,638214858,2278317162,2392566340,1156753762,1100031094,4079192082,74008880,2161420445,1612227982,1765552161,4204936494,4085515237,2581593467,2625927081,346459233,1557254860,801329239,270962076,3824568500,888386562,712849617,3775722724,339619774,1961054899,3848038633,233479854,2760888050,3680147842,1977034775,913657930,1346571550,3926686044,2339968524,2469784665,4199921426,3238450898,2426577313,3858150272,1043480001,266433849,3668629655,4111114063,3928624133,4251369731,3602986008,3786150210,2013929701,1066042679,4216683571,2340823176,1724465137,4016895756,2387492918,2525311526,4200519843,885741508,4199014101,1941318232,3922944125,899985959,2518737071,2662074877,2211315563,2233209648,2942485848,3677426349,1626615942,122012772,898211835,2482785657,3316296783,2151495131,4134643888,208710508,3041499516,352649883,3289474335,364444651,2430317154,1364815475,253606630,181536860,1378218591,144905128,3375639333,3105595850,3567689804,17695572,4125197651,3050573012,844095015,190735697,2879101152,1694367648,4094247693,3173516819,794528741,4185545857,3782942916,3083563167,2752155200,4095407521,1125620679,4144228778,3057816992,1366432873,1452895505,299638575,2320939685,2777568599,3218995225,601965621,2121362659,616423929,3371739582,356067447,2662475518,2906412463,1880265888,3297699995,650618288,665757493,884577866,1594479393,1023030437,607018754,1431009497,423029916,666536855,4199701058,3199431930,2018418313,721198995,137869527,520618712,2943707984,1779372171,4052490590,987822410,3000736577,3514088723,3599989751,353495157,1209202168,793014725,2501098142,3011134598,642766814,2562653347,2653385513,3564860982,1570826814,2134801355,2518461207,187385958,4170825458,1142390508,1794428957,1071439163,2150611294,239663032,415743435,1160556342,26655722,2336661995,2213097771,742478108,2689189671,2351646827,1770679085,3342610004,648980507
LastModified=1740648465
NaturalSize=144,126

[/usr/share/plasma/desktoptheme/default/widgets/tooltip.svgz]
10559989684820636107=47,29,10,2
11107747724246504615=119,16,32,32
11277030185334762393=20,50,4,4
12045699472599026945=101,33,10,2
1358987123265889777=0,30,4,4
14283913920131679297=95,0,16,16
14480047527838159493=113,16,6,32
14732031373874824197=47,0,16,16
14863622491244323215=20,54,4,1.000000082740371e-08
15560404232240122885=63,48,32,16
15582493449127409819=113,48,6,6
15600187873641045948=47,48,16,16
15823456331052586880=95,48,16,16
17183976517054808691=151,16,6,32
1737015307780146268=0,30,9.9999999e-09,4
2080774309560929993=76,54,2,10
2394329884609556099=38,16,6,32
2643847812683039267=119,10,31.999989999999997,6.000021
2672080554925773480=119,47.9999785,32.00000800000001,6.000021500000003
3040802485468350144=6,48,32,6
3853542719399740099=20,10,4,4
4226879399903300775=47,16,16,32
4611294833345997960=20,10,4,9.99999905104687e-09
4631517568266195740=0,0,5,5
4631597233532454429=113,10,6,6
5951567895694877485=44,30,1.000000082740371e-08,4
6106667013302876700=151,10,6,6
6163381801844787330=151,48,6,6
6607873849534820203=76,0,2,10
6635939523010767827=0,16,6,32
7360964630398770786=63,0,32,16
9064677359765977054=95,16,16,32
9658489331056151055=40,30,4,4
9668803406671912274=6,10,32,6
Invalidelements=2239690798,4046748062,3378223902,4171212020,1134248762,528126875,463066619,1692107103,1214727336,2576065721,3206983009,895652261,3126961348,1196993935,261282599
LastModified=1740648465
NaturalSize=157,64

[/usr/share/plasma/desktoptheme/default/widgets/translucentbackground.svgz]
10332955716189590632=0,-3.000000003794412e-05,5,5
10688007352823914522=33,37.99996999999996,4,5.999975199999994
1093342726503733543=62.999999,25.999969999999962,9.999999974752427e-07,4
11270306777095507395=13.0000045,11.999969999999962,5.999999500000001,32
12278053271644490657=33,11.999969999999962,4,6.000024800000006
13427547009554204026=13.000003000000001,25.999969999999962,9.999999992515995e-07,4
14109886501690851477=50.999985,11.999969999999962,5.999999500000001,32
14954009883339975201=13,43.99996999999996,6,6
15056068682826983756=33,49.99996999999996,4,9.999999974752427e-07
16299094329204239483=19.000000200000002,25.999969999999962,6.000003799999998,4
17208085678310712800=33,-3.000000003794412e-05,4,9.999999974752427e-07
17309023280678042300=18.999985000000002,5.999969999999962,32,6
17791079852579298910=19.000004,11.999969999999962,32,32
3012609824329184855=13,5.999969999999962,6,6
3303227341106687203=51,43.99996999999996,6,6
3366085220547861274=18.999985000000002,43.99996999999996,32,6
7128438302019192840=44.9999847,25.999969999999962,6.000015300000001,4
9030976020365602104=51,5.999969999999962,6,6
Invalidelements=768579350,178300234,3844215612,3130450249
LastModified=1740648465
NaturalSize=121,56

[/usr/share/plasma/desktoptheme/default/widgets/viewitem.svgz]
10158027432804988206=173.9999809521609,16.00006545878432,4.999999917600576,45.99999666264239
10261712172075998432=127.999999970142,11.000028081746905,45.99999843089921,5.00000025164195
10413036641777922652=173.99999862367352,61.99999996715184,4.999998041428569,5.00000208486415
10746709094104988404=197,139.99999999999977,4.999999999999943,5.000000000000114
10853950125354080090=122.99998900407996,61.99999685862883,4.999999828570566,5.000000399871965
10945516845625579084=122.99998900407996,16.00000712040037,4.999999828570566,45.99999906752248
11049730630815200451=151.0000001345632,140.0000000000001,46.00000051134879,5
11236354041100097396=128,16,46,46
12138051367434786541=46.00000085385358,89,46.021998799519196,5
12241511346120737291=46,94,46,46
13000119275422238510=92.00000000000006,94.0000013150609,5,46.000016066661374
1324121835059149800=46.00000085385358,89,46.021998799519196,5
1352906722171868463=122.99998900407996,16.00000712040037,4.999999828570566,45.99999906752248
13737049066207344446=151.0000006322024,89,45.99999317980803,5
13893869099980093939=49.928560000000004,-90.32326999999998,40,40
13974784632617445699=92.00000000000006,94.0000013150609,5,46.000016066661374
14226692273555597840=92.00000000000006,94.0000013150609,5,46.000016066661374
14567538458153170415=122.99998900407996,61.99999685862883,4.999999828570566,5.000000399871965
14609366526955084447=174.0000023912245,11.000028081746905,4.99999998749999,4.9998939653550565
14981281589691047563=127.99999835589199,62.000001838628805,46.00000051134879,5.000000399871965
15147430650988139419=173.9999809521609,16.00006545878432,4.999999917600576,45.99999666264239
15189830851489266740=46,94,46,46
15311428920745326467=146,139.9999999999999,5,4.999999999999886
15312703733507018279=41,140,5,5
15354792282853833907=197,89,5,5
15442599084683830150=127.99999835589199,62.000001838628805,46.00000051134879,5.000000399871965
15548186960909393362=173.99999862367352,61.99999996715184,4.999998041428569,5.00000208486415
1586626495570287032=46,94,46,46
15916640433318859257=174.0000023912245,11.000028081746905,4.99999998749999,4.9998939653550565
15920151067434242954=146,89,5,5
16146204945909958813=127.999999970142,11.000028081746905,45.99999843089921,5.00000025164195
16742250324969439342=41,93.99999217607524,5,46.0000200743998
16882432615704495560=173.99999862367352,61.99999996715184,4.999998041428569,5.00000208486415
16911207541888089754=46.000001134563206,139.9999999999999,46.00000051134879,5
17212298970113778137=41,93.99999217607524,5,46.0000200743998
17254506048482013898=41,140,5,5
17694395604923045491=128,16,46,46
1846008043703692985=146,94.00001201887517,5,45.99999006457483
1947089871723142827=41,93.99999217607524,5,46.0000200743998
2322665905031731696=122.99998900407996,11.000001567431184,4.999999828570566,5.000000249922209
2481464236324780757=173.9999809521609,16.00006545878432,4.999999917600576,45.99999666264239
2706004259001722123=127.999999970142,11.000028081746905,45.99999843089921,5.00000025164195
2800444901891162221=46.000001134563206,139.9999999999999,46.00000051134879,5
2889650713799330309=92.00000000000006,89,5,5
3540885994422035263=41,89,5,5
3814947019589909538=127.99999835589199,62.000001838628805,46.00000051134879,5.000000399871965
4329841524292227273=122.99998900407996,16.00000712040037,4.999999828570566,45.99999906752248
4825190612233911476=49.928560000000004,-90.32326999999998,40,40
5090757801932490800=122.99998900407996,61.99999685862883,4.999999828570566,5.000000399871965
5116912117909119407=151,94,46,46
5408634164284046859=46.000001134563206,139.9999999999999,46.00000051134879,5
5561846262213801013=92,140,5,5
5815865397778499804=197,93.9999913147717,5.000009999999975,46.000016066661374
5957219095016081081=46.00000085385358,89,46.021998799519196,5
6454647782164868145=41,140,5,5
6533152296484573209=41,89,5,5
6708155879204249398=128,16,46,46
7068346070213161226=122.99998900407996,11.000001567431184,4.999999828570566,5.000000249922209
7177318573936588174=92.00000000000006,89,5,5
7334379128546403931=122.99998900407996,11.000001567431184,4.999999828570566,5.000000249922209
761094018207083982=49.928560000000004,-90.32326999999998,40,40
795193112492254025=92.00000000000006,89,5,5
8884497104711898143=92,140,5,5
9054829824610120134=174.0000023912245,11.000028081746905,4.99999998749999,4.9998939653550565
9242528937808974068=41,89,5,5
9968242098151745783=92,140,5,5
Invalidelements=1970610671,1803251659,2832428872,620197990,4007882762,874529031,719414095,3102447135,4096358025,2498460356,256496775,3330420473,1308026998,3774096810,3846222505,2009796007,2976602856,1162327912,2939481952,3566861792,111072933,2076150469,1802917697,4038898861,625262956,548128772,38675699,3957489773,585595116,2257459031,2095589444,3664142950,1860631031,3195351077,86335716,2837207140,306103026,1679107935,4075576559,4135227437,2155076884,839276871,1161429800,3407491820,1877291829,2400419947,4277756124,3635455882,1569256071,2896046841,1788593979,1067611154,587040856,3640189876,1004509660,3760831998,4276751396,3867307764,3661971343,3547502996,2789486376,51601236,3265047513,398148885,3607900849,2469270231,2104164987,3761635256,804039556,2514917555,1833324515,4258691929,3597061306,3570564019,3291469914,150833036,4111955690,509063682,3457622579,3039049366,1423431772,2909801050,722654391,773798064,2485315787,359350114,390085053,2682568729,2728143456,2275715901,3079268191,205192278,1145200214,2391653601,2181770912,520838271,1388141204,2407410845,2370589181,522914732,3007976808,1834233624,1160002609,3231373069,4021907587,1056876090,2188231764,2481585509,433575405,204060906,3766735223,4055286123,2327477953,451508511,1988963951,1159452768
LastModified=1740648465
NaturalSize=257,161
